189
218
209
112
10
201
168
194
95
33
141
27
230
209
7
231
137
192
57
35
101
118
129
77
193
237
140
71
177
110
204
112
70
82
186
119
45
210
170
187
199
31
205
247
93
111
235
32
180
167
47
215
164
183
102
19
219
188
166
95
96
225
134
56
60
212
60
52
127
194
167
171
226
218
29
26
140
59
119
119
64
8
109
12
167
194
91
166
47
172
74
147
44
210
174
48
164
118
78
119
156
192
66
168
31
162
221
185
156
12
181
94
164
131
230
56
241
169
215
233
185
22
146
9
228
108
39
132
237
177
115
163
170
164
178
88
43
123
238
144
22
202
59
194
81
141
195
151
59
206
242
52
25
134
85
43
186
184
57
219
15
183
185
141
88
133
196
169
98
207
205
244
200
35
44
38
189
239
227
196
1
56
6
71
76
38
136
246
126
248
212
120
104
246
183
199
160
75
162
85
144
116
96
153
90
67
5
112
72
225
127
226
10
83
26
141
247
185
233
247
104
12
65
31
241
144
85
10
75
14
2
94
249
244
233
214
209
164
232
36
124
51
82
157
214
40
152
191
46
86
176
78
43
91
81
211
30
1
55
200
100
141
26
85
131
44
108
76
134
134
132
29
157
54
178
43
39
58
137
53
98
173
96
83
34
178
106
122
210
79
88
229
137
33
179
82
122
122
98
98
149
112
208
227
67
166
121
247
97
120
80
211
195
244
59
45
231
119
88
24
151
3
61
207
222
95
234
226
156
219
140
219
118
136
116
100
184
243
212
89
114
93
233
230
195
214
198
75
227
126
124
148
58
69
4
72
8
171
135
39
66
189
92
224
58
93
146
18
173
201
137
220
186
226
214
57
141
112
96
169
193
46
161
235
68
117
9
222
30
149
193
163
71
6
197
69
64
20
169
215
77
124
235
173
4
136
26
42
158
120
135
207
185
72
63
247
134
212
125
78
190
123
82
122
235
26
61
59
152
53
223
63
42
198
191
98
180
71
18
133
21
36
113
222
143
68
242
230
147
193
211
36
6
250
114
54
10
237
142
167
186
248
198
29
149
26
93
47
192
167
174
163
104
7
198
57
141
229
81
112
76
88
11
18
149
123
196
217
229
229
30
179
183
224
116
1
60
42
109
171
117
155
148
97
183
80
154
244
102
167
9
185
