199 65 65
129 65 65
3 65 65
240 65 65
23 65 65
62 65 65
254 65 65
73 65 65
248 65 65
115 65 65
136 76 181
48 6 126
140 6 51
157 66 84
167 147 93
100 129 188
15 11 140
179 95 81
173 34 144
74 6 28
172 77 65
192 40 6
180 74 153
171 23 142
46 141 42
57 62 56
89 112 45
134 137 198
68 78 117
170 13 73
244 142 192
75 91 30
157 107 70
26 131 162
14 86 63
207 34 131
23 57 40
120 28 148
203 81 135
135 145 197
215 15 51
243 125 88
211 137 142
255 23 49
118 59 190
55 40 101
221 7 113
67 82 153
138 128 55
90 122 130
245 108 70
19 110 101
54 60 97
31 88 132
154 133 26
160 63 82
149 128 149
183 147 153
206 55 135
53 86 187
39 93 180
164 95 133
69 44 110
114 31 143
138 116 77
5 24 100
34 23 83
25 55 195
172 138 130
207 77 48
34 2 114
127 107 1
74 41 128
80 81 117
9 130 173
166 125 104
85 13 39
239 134 58
167 24 128
148 49 149
40 73 15
145 128 114
108 4 190
109 5 153
16 135 44
21 92 196
189 51 53
97 97 4
36 6 3
204 138 55
19 63 192
243 67 66
232 150 22
224 25 25
150 117 92
176 71 188
51 121 44
12 44 1
58 135 86
207 4 178
216 46 149
159 111 106
141 7 139
99 105 14
18 50 29
38 12 66
67 51 56
12 107 28
164 78 95
58 113 148
33 105 59
199 68 152
179 18 180
203 72 154
108 48 9
102 73 96
207 129 4
112 25 22
109 136 178
52 51 115
176 19 132
120 44 98
161 4 154
214 6 129
151 52 9
233 14 173
72 63 146
2 1 181
86 97 45
29 40 193
82 107 143
235 143 7
131 2 47
16 117 162
223 56 25
67 69 134
57 122 80
46 17 97
221 8 143
238 7 13
7 35 164
186 18 129
109 102 73
224 21 20
95 136 6
244 59 17
21 131 63
96 2 138
49 122 143
180 27 34
253 78 192
113 145 169
117 80 24
177 38 2
186 78 85
70 4 42
102 101 150
128 72 10
192 84 199
113 124 145
152 99 78
155 143 124
170 118 127
59 23 35
184 95 114
252 88 193
108 115 141
193 5 103
44 21 99
27 27 193
125 2 83
223 18 187
192 147 55
76 142 35
179 63 123
120 59 16
193 38 133
229 31 31
71 40 22
20 40 15
15 79 175
151 119 161
197 94 104
134 21 164
145 22 160
97 125 112
225 75 120
123 83 187
172 60 30
153 8 167
230 105 92
35 94 90
128 59 65
220 34 195
73 25 37
220 2 14
168 135 13
120 76 78
142 67 103
21 9 74
185 95 157
14 123 155
7 134 60
70 128 165
186 99 25
252 58 34
156 63 105
186 24 51
83 87 97
240 5 5
171 69 25
137 42 54
109 37 115
5 70 98
32 128 137
243 11 109
7 111 138
228 10 187
222 133 188
8 6 117
228 106 135
217 61 181
166 36 17
78 108 62
122 60 85
42 58 94
118 14 178
70 30 152
39 35 80
72 82 33
33 36 110
136 35 79
24 82 85
158 83 37
35 45 17
217 96 196
128 97 64
14 27 28
215 22 170
103 70 182
113 1 155
216 55 1
44 78 102
161 66 16
241 150 187
156 101 182
108 20 100
206 73 92
60 3 87
14 62 44
61 34 153
78 31 7
46 69 99
32 22 123
240 25 76
185 139 158
86 33 74
195 28 59
62 15 149
191 113 57
172 26 194
99 44 43
135 128 106
252 59 30
95 140 141
216 118 82
191 138 3
168 20 121
70 99 142
117 1 59
150 19 47
82 69 9
94 116 121
88 33 174
119 135 190
140 66 85
102 129 54
174 113 180
142 87 80
191 38 144
251 142 191
34 118 82
204 84 78
135 101 99
203 18 57
123 30 1
58 83 96
70 97 82
197 18 159
91 54 52
241 137 151
102 81 160
84 60 141
118 111 131
38 22 92
99 134 78
11 43 100
187 57 183
142 48 97
149 126 177
221 66 66
92 71 70
15 118 15
228 123 75
62 56 36
153 75 89
128 37 120
210 34 77
57 2 126
68 24 36
235 41 14
133 42 179
243 70 123
88 79 189
34 143 123
61 52 191
37 108 88
174 22 95
121 120 43
101 136 153
225 41 126
151 79 120
165 99 15
170 106 191
222 27 80
228 53 121
228 145 12
195 32 193
251 73 2
58 39 54
6 132 108
212 10 95
194 145 115
35 22 174
124 21 3
153 52 6
28 30 197
190 27 140
253 145 156
206 104 200
124 68 114
24 97 190
112 26 190
112 150 83
55 69 81
96 146 5
146 57 17
80 145 180
195 147 178
178 119 54
171 137 174
28 115 101
164 129 182
18 59 128
51 18 38
81 48 172
47 2 11
192 82 142
51 87 25
185 122 117
246 127 71
187 25 62
96 81 147
239 146 34
15 23 115
88 9 90
28 111 90
1 138 168
101 84 154
218 78 134
106 127 132
45 148 125
228 94 170
23 150 91
12 73 143
100 13 89
60 91 155
91 67 59
61 88 152
115 80 122
215 128 86
51 22 29
208 80 120
133 52 164
238 61 159
216 72 130
54 134 52
114 95 88
78 78 174
84 30 25
129 62 44
243 59 107
37 144 59
29 54 95
153 42 23
197 79 81
7 50 129
195 31 34
176 98 133
64 150 10
233 32 189
117 138 167
133 117 6
242 98 118
204 118 191
229 63 154
50 47 89
220 91 77
221 4 23
221 91 62
126 74 119
47 80 169
179 48 12
143 66 172
110 23 2
79 136 95
3 108 81
111 54 64
16 119 184
122 123 18
103 56 50
28 12 138
196 116 93
180 90 162
145 142 174
171 83 26
244 13 144
7 79 53
141 119 93
221 7 199
255 137 76
141 84 20
95 28 132
13 76 24
207 75 42
117 143 137
178 99 143
91 97 99
88 109 197
228 52 134
90 102 191
240 99 150
124 132 143
222 95 1
205 75 164
220 85 44
10 53 19
188 117 158
137 21 29
203 63 26
229 5 163
169 65 172
202 150 61
73 6 185
245 86 179
84 102 196
173 34 48
171 134 182
118 64 149
184 21 126
43 73 151
86 54 7
84 14 110
55 108 102
97 145 81
145 17 40
145 86 1
223 11 39
57 31 35
129 101 15
251 141 115
30 5 166
83 77 50
20 104 108
156 25 112
49 132 57
67 43 190
224 94 172
178 34 52
34 118 161
13 42 137
88 34 190
31 54 148
150 111 116
108 67 136
64 106 7
146 108 126
61 75 199
77 13 170
212 76 75
233 49 142
180 43 140
15 8 23
141 19 93
251 121 140
155 98 136
234 141 147
101 125 136
213 104 75
176 4 40
37 79 83
23 32 29
26 77 42
62 95 147
79 41 119
181 133 143
141 109 48
171 101 74
81 147 178
153 60 52
119 126 132
106 149 55
125 45 70
242 6 158
233 4 132
167 60 115
228 46 11
153 58 83
155 92 175
237 76 173
169 45 154
208 145 106
219 43 133
42 118 127
135 108 133
26 1 150
73 17 189
47 20 81
95 58 74
226 46 54
233 137 23
185 84 83
224 58 144
144 103 133
183 109 123
141 82 70
186 96 8
61 113 47
188 84 106
36 108 84
218 42 24
53 144 85
234 116 140
147 50 41
174 13 44
237 46 82
180 137 106
26 135 161
239 133 31
163 85 158
23 97 46
123 98 196
222 147 169
193 112 194
156 139 87
152 44 14
140 142 81
197 130 116
146 102 162
122 66 74
131 132 189
213 5 156
98 76 69
34 133 9
250 90 48
146 22 64
91 25 190
105 127 39
97 27 148
3 39 100
94 65 172
70 79 111
103 127 200
23 9 142
40 36 172
48 147 159
87 145 172
17 40 64
55 32 95
255 80 174
108 23 178
93 147 14
14 55 42
11 9 92
109 91 112
56 127 43
196 105 143
215 29 58
179 115 76
14 117 62
177 90 178
26 82 163
127 10 150
125 27 58
20 19 103
228 61 19
36 114 69
248 145 53
144 22 186
194 100 198
120 43 195
85 53 167
234 60 199
19 68 43
34 82 146
217 2 95
201 128 139
101 25 65
147 41 116
148 21 66
103 46 19
187 67 2
223 32 78
124 2 109
140 97 116
88 50 167
184 18 133
61 24 13
172 121 35
143 38 179
188 39 196
165 75 164
6 86 174
187 58 108
98 117 100
144 88 126
155 147 146
80 66 7
178 59 181
83 29 172
100 114 71
159 97 107
20 133 165
243 62 168
29 53 170
93 113 127
216 61 151
199 82 89
239 115 34
110 92 23
225 78 38
40 104 64
132 147 69
7 7 188
240 33 97
105 122 163
36 149 171
177 35 67
139 39 42
203 15 17
241 29 195
61 21 153
135 57 130
240 11 199
111 44 133
38 6 13
30 58 143
53 28 50
85 34 121
7 88 197
33 135 106
98 66 197
109 53 22
24 86 101
175 27 26
21 55 173
117 58 102
203 52 108
128 4 37
95 75 66
190 28 32
24 31 145
166 45 16
236 86 88
141 29 29
110 100 69
108 95 141
193 28 135
235 61 56
124 86 18
143 34 37
83 1 86
118 14 24
51 41 156
24 70 7
138 20 182
214 128 192
49 29 61
134 11 40
136 68 37
229 30 114
254 56 143
141 27 170
159 107 105
65 91 31
90 125 197
169 41 10
226 139 8
183 118 10
91 104 90
173 101 38
86 124 149
95 115 126
69 133 182
168 4 156
250 50 124
71 101 189
209 137 45
65 48 57
213 92 89
122 132 138
45 116 122
88 20 144
181 94 173
223 144 122
24 52 155
25 110 129
192 9 97
36 147 63
70 85 14
212 4 5
27 98 80
179 82 109
131 74 156
57 52 7
52 9 111
250 53 105
38 130 187
196 28 133
121 67 152
106 118 143
91 53 105
157 48 192
20 120 151
125 30 123
236 94 39
148 140 121
91 89 75
59 133 98
103 36 44
5 84 165
170 133 57
111 138 66
81 43 28
87 52 10
76 106 13
151 23 184
99 79 16
214 52 42
148 69 33
71 69 81
232 62 142
41 92 47
113 87 26
105 98 59
179 19 43
138 2 24
127 137 32
185 116 101
208 94 7
39 125 108
107 10 101
218 26 180
110 135 81
45 9 181
52 52 130
74 40 112
150 85 124
248 36 31
140 118 166
181 103 175
181 136 154
238 88 192
248 137 175
105 96 104
5 96 31
103 36 138
225 149 166
203 92 107
227 104 129
66 103 160
61 22 45
49 143 191
171 16 30
2 124 166
131 4 43
117 97 180
1 96 109
139 18 69
20 30 155
34 112 122
195 111 8
91 75 197
61 71 8
152 100 2
140 28 42
224 70 91
6 25 45
247 25 165
226 53 61
73 12 29
2 145 172
71 4 2
27 83 158
90 45 76
173 53 148
16 76 163
253 143 69
195 14 194
53 150 8
238 99 18
187 87 47
112 123 77
34 89 93
216 31 56
181 97 5
71 58 51
61 86 51
10 145 55
177 127 186
233 95 166
56 104 136
89 87 25
124 54 184
207 54 129
103 49 176
117 110 185
2 120 35
223 1 52
15 10 24
64 25 1
4 101 50
93 46 117
160 79 157
69 40 27
71 1 2
72 44 24
233 150 152
139 100 108
3 143 156
12 83 161
250 135 140
180 53 182
95 122 17
153 61 24
227 142 10
184 83 21
196 9 109
192 71 12
127 66 91
158 48 133
98 48 129
246 31 43
232 56 103
139 15 146
139 36 5
214 78 49
216 97 30
138 141 40
237 37 141
115 93 167
133 12 100
94 76 92
61 68 138
111 63 118
68 47 137
199 73 131
63 16 124
219 42 20
129 127 129
9 93 114
110 60 21
199 10 151
89 44 9
24 77 54
24 35 17
155 34 104
210 33 59
206 102 181
168 68 92
28 24 123
158 42 186
237 95 125
254 148 196
42 12 4
210 120 153
231 97 36
149 25 56
39 65 131
241 65 80
180 53 144
196 129 200
139 141 76
85 149 40
20 5 56
234 8 14
33 12 184
57 22 17
44 148 130
90 65 61
93 85 89
126 113 65
184 85 78
174 102 104
219 96 164
234 87 119
215 38 163
133 87 149
246 112 135
116 63 112
155 64 113
68 77 51
107 51 142
226 149 153
118 18 80
204 90 33
157 109 193
217 60 117
34 83 96
85 83 65
218 67 137
9 114 56
17 18 104
203 38 180
60 26 131
159 38 149
163 74 26
250 144 14
115 62 51
67 127 84
18 134 167
71 56 108
56 103 93
29 7 7
209 88 71
199 31 189
150 66 24
64 117 63
242 130 165
151 145 182
81 4 68
3 135 9
167 90 41
144 80 194
164 137 23
9 113 55
251 43 141
97 32 185
141 97 162
20 103 99
112 29 77
22 58 72
113 126 122
229 145 142
6 119 161
33 63 144
58 46 188
54 147 33
87 115 53
111 26 18
80 80 119
152 17 115
222 83 186
133 24 123
125 115 73
78 70 180
140 41 54
80 85 36
168 124 115
220 40 80
50 7 51
147 107 140
115 50 31
236 29 191
124 82 172
153 47 73
159 87 172
64 136 44
3 57 53
165 35 156
220 86 136
205 132 140
15 4 11
185 110 60
76 103 93
199 69 72
184 85 154
179 106 150
226 56 47
163 91 38
248 95 134
221 140 186
1 124 109
99 97 4
186 87 133
233 142 24
96 8 5
55 48 71
38 45 67
116 111 188
166 36 142
183 61 170
157 91 109
147 6 79
73 69 192
83 145 137
169 84 131
128 52 152
27 143 159
174 59 128
87 129 192
218 67 114
145 125 81
132 138 79
60 57 180
54 104 126
177 11 188
94 15 40
23 6 188
70 101 116
51 78 12
161 102 12
91 139 120
112 134 117
182 88 163
66 87 169
20 136 14
28 76 92
57 73 178
175 32 176
224 61 197
242 142 94
8 33 167
60 82 182
2 40 29
134 150 183
228 72 95
140 98 64
62 3 189
119 13 38
183 84 71
234 13 164
9 85 133
145 124 19
213 145 102
234 82 196
60 32 14
18 78 110
204 65 198
207 27 86
207 134 102
240 116 91
78 91 195
32 61 169
80 85 137
229 46 29
132 3 18
198 4 10
153 28 173
25 16 135
4 86 118
198 119 191
255 97 85
157 72 18
168 98 79
200 138 83
242 64 160
44 71 195
122 81 189
34 52 91
82 123 35
71 88 20
123 41 124
2 39 63
104 81 117
50 54 158
118 71 184
104 6 108
213 65 25
237 145 100
172 3 171
181 63 72
213 114 65
31 47 83
124 20 84
68 47 199
177 131 1
15 100 112
224 34 67
248 150 149
193 126 115
177 54 25
96 79 58
186 14 117
205 119 82
220 18 136
202 37 23
50 32 65
197 31 161
27 25 156
227 135 96
82 66 170
255 124 4
203 89 162
80 64 54
115 46 25
14 17 151
244 101 52
230 37 109
24 150 198
210 88 174
119 61 24
67 82 115
156 84 48
98 138 45
16 60 195
168 19 7
101 88 125
219 120 138
83 118 39
168 115 92
208 77 28
67 85 47
11 82 58
146 102 143
129 42 57
151 77 93
43 38 200
146 25 165
190 27 200
147 20 78
188 10 35
29 76 81
15 136 29
228 63 17
245 122 8
3 25 125
181 44 35
84 41 172
107 129 13
61 9 111
72 23 122
5 78 173
118 51 58
101 24 94
6 30 149
240 142 145
216 149 61
96 55 197
14 93 172
173 108 25
172 122 89
26 57 135
190 148 143
156 43 107
30 72 161
2 5 52
67 108 51
174 91 101
152 62 105
135 71 99
170 140 121
58 56 31
78 13 125
72 67 17
124 74 61
37 10 42
73 84 78
68 83 121
47 3 196
88 140 19
244 44 145
177 13 156
251 79 136
62 124 181
66 103 153
80 114 28
103 142 32
192 24 62
96 129 71
215 116 28
255 58 171
140 93 121
41 115 160
89 65 194
163 130 4
14 124 132
181 96 55
59 98 8
222 69 76
103 34 75
71 28 164
23 7 175
37 70 107
219 143 69
224 128 85
168 57 14
118 87 65
100 27 94
221 27 139
170 13 154
188 82 132
254 33 29
202 27 120
35 133 22
234 39 137
213 61 38
73 24 110
160 45 29
170 125 104
85 39 163
224 7 82
228 129 85
46 122 186
223 122 135
233 51 186
109 85 23
86 68 149
28 89 92
115 129 156
238 40 77
226 45 43
156 35 62
237 18 161
144 34 99
81 62 127
93 11 40
219 58 34
42 30 25
10 66 41
206 107 173
96 28 200
48 14 56
47 69 187
110 68 137
118 80 65
148 55 92
253 108 188
166 130 138
138 48 105
88 73 65
172 66 93
118 10 113
107 81 110
131 121 57
191 113 121
148 133 190
37 128 121
194 50 37
160 93 129
15 56 155
203 67 176
111 58 194
149 105 168
169 119 31
88 83 64
169 37 38
197 112 36
105 37 191
119 80 83
213 127 179
121 37 94
17 87 128
144 104 86
176 132 19
202 131 194
144 119 144
213 101 173
42 150 190
213 71 58
144 107 118
30 80 90
224 1 32
63 34 79
48 35 176
99 6 99
209 140 7
17 150 49
26 42 60
38 16 123
40 95 35
67 15 89
115 23 88
8 120 51
180 137 103
238 51 4
240 41 126
229 101 81
249 24 144
142 49 42
236 109 3
65 142 9
95 85 75
58 102 63
95 49 23
65 31 162
238 143 92
198 25 200
21 22 18
29 54 164
175 47 147
68 129 114
245 142 101
170 86 32
1 55 11
39 2 199
83 92 79
128 26 120
147 23 6
51 140 145
228 64 65
74 79 32
208 56 147
237 94 84
27 113 124
68 50 116
92 93 91
156 86 6
214 147 146
9 57 99
126 4 128
43 16 137
26 23 19
28 20 116
155 2 120
117 54 60
110 67 137
220 75 7
143 149 113
209 50 78
237 106 190
209 85 150
18 21 37
81 118 100
64 97 125
110 137 109
233 80 144
29 118 140
240 149 150
205 45 143
48 89 200
231 88 186
109 137 142
131 85 66
212 27 92
71 58 130
155 114 31
112 29 133
165 117 184
254 8 166
197 101 68
200 26 88
24 91 64
15 138 138
231 108 152
187 142 100
2 93 164
11 127 198
119 65 199
221 57 12
29 45 180
10 123 83
209 50 93
78 24 43
98 122 139
181 1 56
87 146 174
185 145 175
44 55 128
207 117 174
98 107 86
43 105 94
49 146 140
169 47 122
48 30 147
216 128 55
47 103 142
234 64 27
202 140 136
208 135 92
243 131 181
170 1 13
42 37 19
65 88 22
10 50 143
32 90 12
13 86 177
43 150 88
49 5 62
11 108 59
59 123 153
212 24 176
132 109 11
4 130 191
187 123 190
194 115 178
88 52 174
226 128 199
172 60 121
241 130 31
64 150 188
223 47 30
68 9 143
75 141 30
69 104 185
161 19 172
173 125 79
225 7 105
63 145 97
229 54 160
71 134 103
255 52 10
80 68 91
104 143 178
117 74 112
32 103 158
252 34 149
60 47 111
9 5 71
199 39 33
105 128 78
59 132 166
122 20 190
102 130 180
150 141 152
73 132 66
234 20 10
175 137 189
205 66 100
249 147 8
51 16 14
17 34 189
254 86 67
226 91 155
243 146 48
183 59 102
65 112 169
48 105 21
104 60 123
80 129 102
200 124 13
188 116 136
113 68 198
232 93 166
101 121 192
181 85 61
156 53 170
169 99 32
254 65 59
176 130 76
158 28 74
66 10 120
143 136 116
149 132 4
251 143 54
73 56 16
9 10 137
213 79 189
224 140 49
236 143 66
63 137 54
209 19 171
97 39 20
35 43 137
166 18 68
97 47 149
151 17 90
74 110 160
155 37 35
234 139 95
106 140 78
99 12 175
115 91 138
226 8 148
109 39 10
205 106 170
4 44 141
67 119 166
25 100 34
180 116 19
253 120 135
193 129 34
208 143 193
33 9 123
44 38 152
201 143 135
9 128 170
74 66 52
246 86 192
152 16 31
102 36 66
36 149 2
79 28 12
117 43 145
51 135 156
73 129 10
91 74 89
90 92 197
148 17 60
51 15 42
111 14 95
151 71 89
62 147 161
114 93 99
201 70 9
68 31 106
165 27 69
64 66 188
160 140 34
118 25 70
231 129 64
171 62 113
81 41 34
166 131 97
108 135 132
188 21 114
236 147 106
55 81 22
240 67 10
201 90 167
218 48 100
119 107 112
131 55 21
85 6 108
69 133 54
164 108 121
39 34 85
56 44 121
162 1 145
189 7 74
152 103 79
118 120 118
121 100 5
52 14 99
118 37 4
103 136 28
60 139 120
190 89 44
196 134 167
171 4 85
209 133 40
229 81 148
138 121 195
14 143 112
175 147 36
137 4 66
125 68 133
196 102 63
35 48 170
116 57 162
5 119 29
187 108 123
25 5 100
74 145 9
137 44 107
209 58 34
9 24 141
208 127 195
193 143 56
186 91 95
102 116 43
113 34 4
146 44 35
107 12 18
32 73 62
110 133 125
165 115 150
65 9 192
158 77 24
165 3 114
61 113 96
76 126 53
211 136 69
96 60 49
133 66 52
239 66 33
180 19 14
12 52 60
85 46 129
57 118 160
194 26 176
76 51 57
29 2 100
40 12 54
117 71 58
221 73 17
9 125 148
193 105 82
42 1 199
34 26 32
9 104 196
173 118 65
118 137 153
206 84 68
53 51 79
61 70 134
231 59 168
43 74 72
226 98 63
15 92 168
39 83 130
189 55 186
193 74 111
176 44 180
135 8 138
230 72 187
226 114 170
245 133 164
226 98 126
191 108 183
137 124 59
240 127 167
101 87 132
60 62 181
17 44 142
171 84 177
25 83 93
114 35 16
217 82 199
30 139 22
217 122 102
114 93 167
135 29 18
127 77 114
131 54 162
35 81 97
122 132 132
108 127 156
252 95 68
129 63 148
204 95 56
123 52 108
114 111 4
66 46 86
77 6 36
191 62 146
112 119 8
45 25 85
176 29 102
94 82 176
30 72 125
44 23 196
117 46 89
148 25 130
71 107 118
245 66 174
64 36 156
245 110 84
146 44 53
186 104 143
22 110 85
181 126 180
237 47 160
209 89 104
78 29 50
56 132 33
165 62 118
47 84 11
156 107 145
75 126 195
45 46 178
63 31 159
130 44 121
60 147 148
254 34 72
225 9 126
154 95 192
176 108 126
182 56 110
157 9 196
125 34 15
117 81 183
46 55 188
205 77 9
181 22 19
161 51 162
202 65 191
94 56 147
140 14 30
74 89 47
211 145 138
225 120 85
157 83 189
171 21 148
224 40 95
2 66 19
239 60 99
111 115 125
87 122 93
168 67 114
155 57 167
130 1 130
107 71 59
225 35 187
168 45 1
34 60 127
176 77 180
190 41 136
44 103 67
145 149 161
38 106 147
211 9 50
96 50 62
160 116 111
191 77 146
18 86 57
44 87 50
105 129 6
243 26 77
16 59 116
221 142 195
1 121 113
176 114 76
2 140 114
18 51 136
118 104 80
208 15 130
121 65 57
3 87 126
211 70 103
245 115 48
185 83 31
186 56 13
141 25 98
81 142 141
30 85 47
230 142 153
142 82 103
206 84 34
237 89 166
197 71 12
193 127 147
174 113 137
32 15 6
242 7 42
212 17 129
99 2 190
222 29 121
126 22 14
146 64 96
107 76 114
90 65 129
28 79 67
8 17 179
226 129 52
44 68 95
218 97 142
224 46 118
254 142 168
228 53 97
163 74 2
163 145 63
67 28 101
254 89 9
130 108 132
59 10 99
22 23 98
220 54 60
105 125 152
118 59 74
133 22 97
124 82 87
239 1 148
117 26 180
100 24 31
8 64 32
209 131 36
30 72 53
14 38 2
9 4 75
22 6 6
22 99 62
127 36 76
187 81 11
55 10 79
93 46 149
137 109 104
101 23 171
34 143 126
136 24 8
209 62 115
160 135 92
239 59 152
54 100 173
231 81 61
10 52 177
189 46 3
175 96 92
28 95 144
184 17 112
96 111 87
229 81 153
100 60 120
229 99 92
247 7 90
55 50 148
126 36 125
196 74 97
29 126 76
156 74 11
23 104 53
93 52 110
162 122 59
65 66 97
31 31 117
109 79 48
160 119 79
149 114 7
163 107 33
36 28 78
214 58 104
97 8 116
210 66 154
192 28 193
12 93 15
244 114 185
109 16 32
96 61 54
253 60 107
225 29 71
227 93 1
2 143 166
128 62 30
249 24 196
93 68 49
30 52 188
237 14 55
97 131 2
217 135 187
67 62 39
123 5 73
2 39 138
60 65 39
154 35 2
146 121 164
182 75 153
223 139 28
215 132 171
77 146 194
217 139 49
153 95 128
87 48 168
43 58 125
177 56 107
176 81 173
13 134 160
32 140 144
91 57 90
66 80 135
249 66 144
148 124 188
31 75 114
21 138 196
187 39 147
2 86 68
100 8 2
73 120 51
11 96 39
39 8 27
165 39 120
246 27 160
35 11 133
22 79 124
150 62 187
157 112 112
244 47 184
157 148 186
234 2 78
252 91 104
24 44 41
58 49 137
228 58 115
178 18 67
220 34 82
23 85 173
146 100 108
189 41 36
127 150 49
212 37 11
123 110 161
184 68 152
69 68 103
154 119 189
5 64 70
250 86 96
31 7 121
161 1 138
108 143 53
226 113 118
134 44 29
187 137 85
8 104 108
247 121 95
59 138 192
25 54 140
51 124 150
190 81 48
19 12 39
188 38 116
167 41 47
208 4 155
1 100 92
227 106 68
7 20 20
156 37 187
138 137 179
211 142 192
244 50 73
110 64 111
70 92 61
90 124 31
121 26 182
8 48 157
36 81 44
235 40 119
9 128 43
5 100 47
23 83 55
157 70 23
234 47 3
74 92 98
224 101 127
136 78 141
225 44 167
166 26 13
146 40 162
182 28 114
200 47 67
137 122 183
143 18 103
47 26 147
12 3 166
220 16 92
24 87 59
204 48 98
165 77 197
105 150 185
168 73 140
224 111 196
26 19 48
220 71 78
196 10 59
101 11 108
16 13 49
72 143 44
107 22 94
166 143 121
112 59 105
69 143 32
195 118 189
187 50 59
78 93 157
2 144 31
217 90 156
174 69 76
95 69 160
109 109 147
102 12 162
36 95 21
91 47 90
73 44 109
250 124 1
244 8 103
135 55 33
198 149 3
151 136 119
250 146 51
54 26 86
15 96 44
114 69 195
1 136 164
152 95 146
72 69 153
146 145 115
43 57 91
11 73 66
123 92 167
99 37 173
49 128 68
217 6 16
242 131 107
121 130 164
196 130 64
152 63 59
242 54 149
41 116 124
147 23 2
1 146 145
221 86 1
40 137 81
26 113 54
254 127 179
47 36 138
88 99 76
212 88 7
96 27 41
87 50 48
235 16 143
120 84 136
200 83 39
229 144 139
26 41 66
187 22 38
91 39 71
18 5 97
249 80 166
232 84 148
203 131 184
129 71 37
203 23 82
48 39 199
50 89 167
232 136 104
62 100 123
3 55 100
224 129 101
230 112 37
121 52 128
221 36 126
28 49 8
43 79 55
251 25 174
213 45 85
225 80 141
206 29 46
31 134 56
88 18 147
176 102 14
250 12 163
56 140 179
84 138 9
121 76 119
171 4 136
66 51 57
90 17 162
33 39 23
64 89 140
248 24 123
91 20 191
198 134 100
34 79 21
211 109 12
18 17 187
62 23 79
166 129 95
207 111 114
200 36 183
207 21 154
142 62 141
103 149 151
123 80 193
88 75 62
45 146 30
187 135 169
152 56 137
192 78 161
34 19 129
186 63 126
203 125 181
229 124 199
194 104 156
211 41 43
159 51 109
126 87 104
2 137 194
4 76 158
107 67 145
123 22 129
124 92 91
68 88 162
199 60 50
134 40 23
134 112 113
161 121 171
133 114 135
21 29 32
79 139 192
29 58 186
232 58 10
37 9 131
125 17 62
8 126 26
30 106 42
178 17 115
222 64 84
242 128 98
41 20 146
240 80 71
131 61 140
9 3 21
194 86 26
65 89 78
228 45 11
197 33 152
241 39 189
159 124 112
110 142 193
235 93 51
67 43 195
81 54 47
21 99 63
192 96 36
244 58 72
39 44 102
190 129 128
206 86 55
252 40 180
162 149 34
168 27 84
75 6 162
186 88 61
177 71 192
42 60 161
222 53 175
56 40 82
124 49 39
225 27 19
99 77 26
205 53 170
87 68 143
182 54 157
222 125 197
146 17 37
89 21 153
56 107 152
76 25 97
227 150 88
57 67 176
218 69 69
249 143 200
247 62 183
94 11 191
251 84 110
10 56 192
45 78 87
218 50 4
187 97 138
103 44 81
50 124 58
166 103 157
157 25 129
176 64 162
29 119 127
219 125 9
240 111 20
104 11 40
5 55 153
216 145 98
122 71 9
2 7 56
85 102 174
112 18 65
92 78 182
131 10 63
84 50 164
150 150 161
187 132 108
218 14 167
22 5 191
185 22 72
20 22 86
161 35 187
226 56 150
176 126 42
71 24 162
239 77 22
192 115 135
229 52 168
212 96 7
238 6 16
32 98 136
179 32 64
63 104 96
89 129 82
238 57 89
29 111 62
16 77 81
18 67 116
255 71 190
192 114 83
143 49 104
119 41 196
17 59 81
75 92 132
254 74 141
178 57 82
229 75 191
182 149 198
143 51 85
22 41 24
40 42 66
39 36 119
202 78 196
204 93 86
37 79 199
43 85 8
176 81 153
242 95 14
130 91 177
160 52 81
68 53 191
216 62 85
134 9 15
179 38 117
189 85 194
6 143 83
147 50 170
5 100 111
172 81 6
62 134 84
105 116 66
2 40 51
44 117 158
31 50 55
214 26 153
9 64 89
11 106 116
154 48 166
105 79 167
203 126 119
247 127 197
216 85 134
66 91 96
153 93 87
22 94 175
215 106 121
159 1 67
130 137 88
22 55 61
204 49 65
201 87 157
120 60 176
168 19 66
15 81 159
104 19 158
95 6 2
115 60 37
169 79 132
116 9 147
52 142 163
204 69 21
194 111 111
197 47 116
60 116 50
130 34 5
140 140 112
253 118 110
99 30 89
208 142 49
222 62 19
68 110 76
59 2 46
222 30 26
175 19 97
13 145 113
187 120 150
238 119 191
18 95 34
120 32 90
67 68 148
121 149 69
102 76 38
113 19 130
111 108 61
5 42 104
239 136 70
142 30 198
72 56 104
87 124 83
108 80 166
125 8 75
97 107 67
220 42 101
107 44 117
95 118 77
227 8 24
228 63 12
130 12 183
229 91 81
164 26 129
132 137 38
24 27 162
32 10 29
190 136 89
81 65 102
92 132 183
56 137 135
78 52 165
50 103 68
63 145 91
156 100 3
76 75 178
1 121 169
222 29 102
216 55 169
26 87 24
190 64 130
75 146 162
131 5 199
81 89 30
139 25 194
42 101 88
30 31 195
87 129 183
172 149 85
117 58 143
193 41 180
65 89 13
75 70 59
122 68 53
238 118 50
171 96 188
191 45 2
207 74 170
234 132 107
99 94 25
127 23 23
86 116 66
243 53 23
166 115 132
34 83 55
26 13 107
185 57 71
78 40 131
118 7 57
137 109 192
99 116 98
34 43 65
33 25 126
230 16 140
25 140 56
178 35 158
209 132 76
241 117 42
203 7 194
242 54 119
110 62 199
19 17 115
189 7 194
241 39 48
210 6 130
161 61 113
124 31 112
107 75 185
252 144 189
6 127 4
213 94 21
139 34 190
63 98 199
198 90 58
248 117 92
170 139 131
99 48 158
76 80 155
66 149 61
81 41 87
72 125 141
108 84 148
248 146 51
67 115 191
217 122 101
125 112 155
96 20 129
119 112 150
144 81 39
137 79 172
126 92 178
166 18 59
186 107 162
234 112 116
104 22 182
229 30 27
59 62 153
215 7 51
250 104 44
106 21 55
157 130 167
174 147 142
88 21 84
108 70 16
136 123 45
138 43 37
255 117 67
215 149 17
128 74 138
247 99 89
236 70 37
176 127 158
7 88 133
195 53 82
130 71 151
79 82 195
251 49 88
58 101 184
50 81 147
254 48 71
83 133 37
230 108 127
49 137 64
121 33 98
139 11 14
23 53 143
26 64 177
226 140 4
103 93 192
179 104 132
85 10 109
69 100 7
102 118 64
175 41 122
169 2 71
15 76 95
121 113 16
180 144 21
71 119 63
190 56 192
102 124 52
50 51 120
181 72 65
24 21 111
106 131 185
252 12 107
113 140 132
172 96 109
125 126 173
63 99 185
171 131 102
124 10 177
74 45 29
182 123 26
101 142 22
132 130 109
66 71 155
39 11 150
239 62 75
255 54 132
96 29 55
251 116 19
253 99 84
42 18 33
255 129 64
229 67 96
200 88 23
82 60 146
81 90 10
138 78 129
145 133 70
1 150 134
229 80 74
255 53 109
89 72 39
13 23 148
76 124 161
187 113 38
184 136 147
81 103 77
57 74 70
162 140 72
169 93 153
248 122 52
70 49 15
216 77 21
159 45 4
117 117 12
32 40 41
28 129 8
202 2 171
42 150 122
81 134 190
47 8 48
105 131 160
91 39 165
245 17 175
33 29 70
120 71 84
230 130 122
119 28 162
6 78 18
163 99 64
217 58 4
180 97 142
224 137 42
91 29 87
100 118 59
41 43 93
214 113 195
78 15 59
77 149 123
110 116 50
108 33 13
210 1 189
79 49 143
191 12 35
96 118 73
229 83 73
15 109 103
206 119 152
108 110 45
78 117 194
161 75 184
11 11 85
252 126 187
144 11 178
50 49 114
185 9 61
162 102 38
188 75 93
82 93 63
115 86 152
211 111 79
201 100 70
19 98 34
110 109 79
67 128 118
130 99 170
74 88 69
164 100 157
89 147 35
47 15 21
65 114 14
62 12 72
28 13 126
140 1 1
46 97 60
208 55 105
150 29 141
71 38 182
40 96 158
88 100 192
3 93 6
227 101 135
124 8 84
129 45 4
74 128 181
113 25 130
151 96 106
31 148 146
162 72 48
95 52 186
110 3 9
241 113 196
216 10 176
210 147 128
14 146 7
140 95 36
141 109 193
90 96 184
187 16 57
3 8 138
129 104 149
88 2 128
96 75 64
47 26 154
160 103 85
4 64 110
27 97 1
57 17 145
245 9 89
209 2 27
169 73 128
45 7 58
62 132 122
57 42 123
161 59 55
203 110 116
177 46 37
13 83 87
139 15 75
222 86 111
77 40 162
238 130 173
232 66 127
196 90 22
167 38 173
141 31 93
190 18 181
116 14 119
22 23 44
48 99 16
12 98 73
48 101 122
193 115 33
79 98 29
245 8 95
45 41 7
224 2 17
168 44 172
235 83 167
219 140 187
47 137 86
27 62 87
19 112 47
160 41 132
111 142 145
61 7 13
78 70 121
165 19 163
125 103 4
104 26 137
160 46 134
22 4 90
193 143 102
61 117 19
67 148 11
223 70 95
139 93 7
82 2 70
44 56 26
105 34 127
42 113 166
24 148 26
97 51 51
56 147 142
193 52 152
153 10 19
93 74 12
132 128 95
181 84 67
173 135 170
77 135 182
190 72 199
165 144 99
59 99 90
244 22 121
105 115 159
93 145 116
38 92 30
20 3 170
113 67 131
48 123 64
13 71 17
254 109 75
195 124 180
18 150 75
94 79 63
211 89 51
93 59 189
129 36 149
123 74 178
242 24 191
148 20 180
137 4 39
103 109 104
55 100 128
78 57 103
92 107 41
195 3 43
137 145 158
233 142 74
107 41 66
138 46 25
190 4 134
13 28 126
112 23 136
76 126 117
117 39 39
163 33 172
67 55 90
234 1 30
86 44 82
175 39 10
126 150 140
136 66 15
97 10 65
204 123 134
198 140 138
46 33 7
67 85 32
248 1 17
189 62 7
102 120 154
195 76 36
5 111 22
105 139 32
58 96 71
219 127 32
72 6 83
160 137 172
92 37 29
126 30 95
114 126 192
197 14 102
251 129 120
19 15 102
22 77 150
221 87 142
113 12 128
79 70 200
205 50 193
206 105 179
74 121 68
77 103 32
139 119 2
208 138 85
234 1 163
150 13 122
123 126 190
218 82 170
201 134 115
142 142 66
21 107 35
35 14 94
246 93 182
98 143 96
171 130 125
113 58 32
110 62 82
241 19 155
159 122 68
208 98 185
118 68 184
84 133 157
152 124 153
119 127 112
129 97 40
241 102 199
205 91 200
107 94 60
205 24 130
208 15 14
77 77 40
162 28 16
195 13 64
7 68 61
205 65 9
195 58 61
201 30 147
2 8 68
121 81 86
61 23 3
18 120 156
8 37 193
54 142 172
78 1 89
17 24 29
166 93 157
220 105 81
189 48 47
165 46 191
111 58 113
114 22 17
99 127 161
41 62 69
57 130 161
59 70 53
171 51 86
94 77 200
88 20 129
201 113 173
205 119 42
137 107 116
91 83 135
103 40 16
85 136 16
156 85 172
99 112 33
233 102 81
41 132 195
191 149 66
153 57 176
89 5 77
210 92 21
45 123 194
86 22 148
132 42 130
138 80 176
33 87 111
125 37 145
210 50 74
223 150 5
73 8 182
31 133 153
130 76 129
131 95 43
16 130 123
238 102 99
29 117 44
127 57 107
154 90 113
148 85 124
197 136 75
236 121 72
80 66 126
101 52 197
200 56 184
111 141 83
92 39 141
22 83 108
240 95 169
5 97 87
103 148 134
105 12 126
14 35 10
240 19 65
5 50 92
113 40 28
204 78 119
91 28 12
19 86 94
229 26 133
44 116 145
91 115 19
2 60 8
159 118 85
55 25 182
144 121 120
74 13 171
201 39 75
227 34 102
4 85 68
130 48 194
74 1 112
33 10 188
100 21 7
210 86 15
121 94 46
129 144 130
113 40 42
81 139 158
168 7 78
28 23 105
16 21 74
228 19 152
17 87 46
241 145 23
227 49 22
72 123 115
167 8 194
129 143 57
244 131 84
91 69 23
116 34 137
231 70 92
168 130 57
63 100 85
100 69 43
153 6 23
29 140 175
250 61 116
51 106 105
27 82 60
61 99 123
36 46 188
240 46 148
220 70 31
132 60 6
197 129 23
53 3 2
4 24 165
204 141 3
139 93 5
247 62 22
72 90 121
55 71 27
219 75 95
194 97 39
191 9 147
107 141 141
102 90 190
154 32 195
55 97 2
195 146 88
238 130 197
209 61 53
110 88 4
179 146 5
179 95 28
178 40 60
213 3 140
112 36 200
201 102 47
39 26 148
175 137 44
167 106 175
84 71 175
85 22 18
33 137 99
80 141 30
97 85 71
74 35 35
40 139 57
231 39 129
223 20 130
52 4 22
115 85 193
156 148 154
116 25 27
197 52 91
24 10 134
58 4 148
150 96 46
191 46 82
165 121 185
99 41 121
199 23 158
57 112 152
7 129 130
220 100 169
86 86 54
165 103 191
65 45 29
4 24 155
225 96 99
183 59 45
245 65 200
45 134 16
170 89 162
149 141 64
185 67 130
255 133 77
96 140 127
255 29 55
168 97 30
157 106 137
231 71 182
98 27 116
66 114 73
19 33 167
94 40 62
245 15 160
255 79 160
120 97 29
210 61 74
224 119 30
43 99 46
38 21 182
101 12 2
122 118 124
95 54 36
248 21 44
224 129 74
43 110 62
79 19 194
9 120 137
113 26 25
11 108 44
34 16 102
177 20 55
131 146 62
39 3 95
21 105 131
127 58 149
4 39 110
47 104 56
38 83 68
186 4 29
253 86 73
89 67 73
253 7 17
165 141 115
73 54 22
65 97 87
224 135 193
191 43 56
87 53 35
155 130 142
200 36 65
146 104 7
200 141 106
123 117 159
10 147 20
208 142 6
211 120 169
8 13 151
26 144 147
95 6 145
44 92 129
87 2 9
208 110 112
9 61 123
252 145 114
207 14 79
69 131 54
238 65 118
17 125 21
70 118 36
35 44 75
3 2 28
68 3 82
72 35 20
18 130 89
15 3 181
106 92 51
43 75 55
5 135 57
33 65 83
167 133 153
224 85 19
162 87 161
98 108 68
248 2 93
50 2 2
251 93 64
32 79 192
111 53 18
209 131 171
225 128 104
32 59 147
74 64 90
235 122 44
127 89 116
124 35 68
124 4 159
171 90 111
2 64 187
34 104 190
78 150 43
72 2 44
135 54 115
44 141 142
159 21 153
174 45 119
12 132 161
192 98 54
123 82 142
75 20 194
31 119 168
31 137 56
8 23 83
246 43 53
1 132 64
2 113 110
127 94 141
171 125 4
14 65 146
150 127 17
60 33 30
113 76 58
133 149 26
148 26 152
133 133 109
170 93 68
145 129 92
75 60 131
168 135 36
169 122 185
38 137 98
32 8 111
10 12 9
200 78 71
158 34 44
97 73 36
57 86 64
224 24 184
163 51 145
96 104 125
185 68 166
76 28 142
194 17 166
177 26 103
3 6 49
119 120 68
82 82 174
149 72 12
234 94 135
135 14 63
254 87 65
216 131 90
5 144 149
39 20 180
14 106 111
61 48 167
158 144 33
133 15 11
203 144 175
164 126 31
237 11 186
15 54 83
49 144 91
37 9 161
18 137 166
245 76 87
152 110 39
192 36 125
251 102 125
135 37 32
46 27 130
198 30 186
229 133 180
236 118 52
102 60 148
68 70 6
101 98 173
206 10 112
167 88 33
113 47 87
205 141 117
250 133 153
110 88 77
128 136 33
87 128 150
5 137 96
34 66 64
203 140 72
88 91 127
136 61 79
89 134 157
174 113 112
251 133 176
114 108 22
197 142 78
162 70 90
188 61 43
10 34 138
136 149 2
91 49 41
27 34 40
158 120 71
41 139 106
255 137 101
69 83 88
1 99 188
233 67 32
52 89 103
194 137 172
192 145 96
52 100 26
159 67 190
62 123 175
204 108 164
227 49 62
152 51 160
7 60 106
242 29 64
146 63 70
39 58 148
247 28 71
79 59 57
201 136 53
3 64 103
197 50 47
63 94 178
42 46 179
57 38 52
97 51 88
216 94 153
228 30 126
185 114 9
136 80 154
247 55 37
51 48 43
204 48 39
34 34 145
111 37 190
139 8 132
87 46 49
111 8 169
224 113 61
83 78 41
221 13 73
213 34 45
218 119 190
198 20 60
162 53 103
169 72 192
169 22 34
80 124 79
234 110 146
75 104 24
139 63 144
14 121 137
46 86 187
130 116 31
181 114 150
201 102 122
67 91 102
219 32 28
200 92 100
11 109 60
211 12 36
127 60 2
183 126 130
144 22 147
162 6 135
199 2 120
178 125 178
240 58 14
243 30 53
133 143 114
153 62 7
1 96 110
30 127 96
178 81 45
147 54 175
102 91 31
18 115 44
27 11 145
56 62 119
239 8 157
101 119 90
160 95 130
2 135 14
253 84 40
51 123 132
175 35 63
232 9 76
179 48 108
76 56 137
139 60 72
210 37 163
184 89 146
153 110 82
122 27 25
213 131 173
170 132 36
42 66 29
136 26 196
217 75 15
161 62 40
69 68 10
98 132 23
168 114 198
219 83 138
135 71 188
120 33 146
250 110 177
243 135 63
206 29 89
248 98 4
1 123 191
173 27 103
153 7 69
75 59 150
12 59 153
83 35 114
5 112 26
140 21 176
191 112 178
155 8 111
19 25 116
87 119 147
6 93 133
18 65 82
235 89 164
60 26 127
31 85 23
12 17 164
191 99 98
186 75 110
9 111 79
138 16 56
123 95 168
167 44 113
31 12 90
45 71 3
113 120 12
203 23 162
42 39 59
131 63 196
181 34 29
39 106 106
187 3 153
230 64 28
61 13 177
34 10 60
149 145 26
44 106 8
15 143 14
28 82 137
246 65 145
214 2 117
140 41 7
37 134 94
4 53 52
30 147 155
163 12 81
200 49 43
53 114 128
100 19 197
244 61 53
53 99 110
118 30 56
251 39 40
56 39 96
59 144 200
227 42 2
218 112 59
107 83 168
214 41 94
204 1 132
16 6 134
23 82 9
203 27 18
114 89 103
156 6 182
189 42 49
128 93 147
34 43 177
11 102 120
173 70 119
166 56 75
30 81 161
225 46 44
223 96 146
98 15 136
4 46 166
73 118 12
136 60 121
104 64 142
139 18 32
9 51 70
15 103 78
214 4 195
110 98 43
170 98 87
149 128 48
71 127 163
174 113 48
242 61 64
55 82 97
201 89 189
35 132 85
245 79 101
56 97 92
209 104 109
3 139 95
117 75 92
55 43 114
69 15 188
68 25 126
215 126 179
51 99 94
56 25 190
152 48 170
218 38 126
105 77 38
254 142 82
77 42 140
99 113 55
90 60 156
40 1 191
108 103 175
113 43 95
133 95 158
255 46 77
78 128 183
174 119 84
28 126 34
184 110 83
14 26 2
165 77 188
201 123 70
213 17 79
128 22 86
119 70 177
79 78 94
103 22 147
161 25 186
59 63 86
252 53 78
84 10 102
167 139 105
90 36 1
226 79 137
31 145 41
158 60 43
5 44 65
56 41 58
111 130 84
192 23 78
30 36 147
75 40 115
216 120 23
241 131 156
184 86 24
133 104 116
23 54 190
10 22 102
5 29 81
76 90 46
66 110 71
100 3 1
73 68 69
78 13 63
175 117 110
78 69 47
57 135 3
139 14 119
127 31 195
83 121 88
92 15 4
151 72 148
148 90 162
6 142 25
68 45 195
120 130 3
239 58 124
58 89 181
199 86 175
145 75 119
43 135 181
79 71 163
18 64 104
129 25 77
142 56 38
14 110 104
31 13 17
240 64 8
4 74 75
169 87 94
14 39 77
152 67 67
89 88 72
229 12 76
85 2 125
161 54 93
147 13 176
135 15 55
197 117 73
138 37 24
81 53 22
242 111 177
233 130 94
65 117 68
114 31 120
51 42 175
37 132 23
159 17 33
130 46 200
203 109 81
45 39 39
107 150 36
46 90 125
127 48 61
58 71 166
151 108 43
162 90 131
5 132 76
10 118 106
91 91 131
180 8 95
198 89 8
141 115 200
234 110 161
182 131 61
156 6 21
231 46 11
85 33 7
190 17 21
188 70 15
138 61 109
225 61 152
214 29 187
48 18 124
154 111 140
103 34 151
90 82 111
148 63 155
245 17 111
122 142 21
115 85 29
7 122 165
228 114 153
242 36 25
122 63 118
107 121 42
246 58 69
154 78 164
49 82 166
112 17 21
254 30 99
14 31 116
154 56 127
17 52 196
44 127 2
155 30 184
217 140 15
230 62 154
192 86 191
176 17 93
243 139 6
145 142 72
215 67 189
154 39 200
79 121 123
12 57 194
200 143 6
46 57 12
193 109 87
32 11 109
15 35 1
30 18 46
32 81 34
243 119 17
65 90 181
8 148 110
18 142 45
64 30 27
10 74 165
142 92 80
28 4 40
59 91 54
45 96 76
134 149 131
168 48 62
202 72 162
247 14 155
124 81 9
130 59 142
244 138 93
70 12 1
44 75 71
248 73 139
63 8 15
226 72 147
47 99 15
62 124 158
94 66 116
113 36 124
108 79 171
159 120 82
102 72 29
175 95 199
19 44 108
174 69 40
236 48 151
58 67 131
61 20 148
253 114 5
65 41 112
29 91 38
233 139 151
135 21 113
40 123 182
97 134 93
244 41 80
91 39 10
203 121 81
222 67 27
79 135 163
183 12 81
77 41 147
1 52 185
117 24 38
24 148 11
145 68 15
199 79 142
18 120 101
231 126 83
208 140 8
55 84 70
172 99 85
110 150 77
6 55 146
122 107 32
89 97 96
132 58 102
162 148 109
105 84 51
92 120 98
203 143 180
68 142 105
185 64 24
148 140 122
91 127 112
200 17 140
17 14 46
190 33 4
175 94 59
255 26 115
183 101 107
202 131 190
66 31 136
201 139 23
29 137 95
112 94 153
159 61 94
230 48 87
1 64 189
38 49 146
216 9 194
226 49 54
95 84 29
172 6 145
46 65 139
54 105 142
246 50 51
222 108 113
207 8 77
152 32 92
142 129 197
95 111 160
138 88 2
50 97 93
80 3 84
239 149 192
196 110 30
8 8 193
84 128 72
123 21 14
36 126 82
102 72 94
57 10 73
156 19 26
49 13 117
150 92 120
107 98 91
176 150 185
225 67 14
53 50 22
114 71 98
68 47 159
96 2 148
231 137 200
84 137 55
225 149 47
225 122 177
62 132 39
13 9 98
139 18 87
254 1 85
38 88 164
140 146 65
246 8 199
77 121 16
10 74 5
180 123 104
77 149 145
181 37 59
35 33 165
230 68 113
249 146 23
191 125 135
143 37 67
128 32 198
225 4 56
85 65 21
183 148 165
99 55 37
1 104 164
52 20 104
4 130 189
223 35 164
57 57 35
15 77 169
131 54 84
36 79 45
240 100 56
143 44 26
251 147 142
141 2 172
183 40 130
197 2 45
118 110 53
234 97 191
7 139 53
174 106 54
222 71 153
157 23 93
113 26 54
224 86 86
167 55 176
168 50 187
184 150 182
139 77 153
165 72 58
14 89 75
48 101 120
196 105 123
255 79 16
155 30 77
95 37 101
241 30 55
238 52 4
114 53 75
196 4 190
189 18 48
51 92 107
128 53 40
181 133 75
68 14 60
224 20 194
169 20 129
175 98 75
154 33 110
10 148 143
84 99 119
40 116 29
73 70 123
212 68 57
39 39 52
152 47 78
65 15 103
124 11 10
157 90 52
110 91 43
20 127 57
225 65 3
198 101 190
140 143 8
87 81 21
154 149 55
81 103 156
124 143 33
249 38 33
39 107 27
57 32 143
26 113 57
6 103 106
195 149 165
64 98 183
190 23 40
142 58 39
113 147 125
120 37 17
55 17 73
187 132 31
179 12 17
150 4 2
36 34 68
189 35 119
40 11 181
79 126 3
239 94 25
18 7 63
218 61 106
109 72 174
130 59 30
108 51 182
21 48 149
114 32 185
115 99 66
173 67 83
5 64 130
229 114 128
64 115 74
44 147 190
239 87 162
165 95 72
228 142 58
70 39 198
88 15 82
219 14 25
205 108 128
1 146 77
198 128 133
244 17 108
129 17 165
167 13 57
27 69 85
166 66 62
251 18 20
176 33 20
164 114 37
123 45 164
27 32 96
210 73 190
204 90 137
228 122 159
147 25 136
167 149 177
160 61 57
189 130 58
211 113 93
40 16 174
144 51 115
93 132 90
194 62 103
113 6 95
162 13 24
139 120 86
189 78 68
162 29 45
232 137 10
241 32 96
92 143 49
179 14 195
141 7 172
251 126 162
57 58 174
34 33 171
188 75 185
153 96 100
228 78 164
73 10 47
46 136 112
241 22 70
174 108 74
202 8 67
180 107 135
242 16 121
240 75 56
96 120 10
251 98 95
57 27 3
18 66 42
108 10 62
99 144 177
98 8 179
82 42 40
49 21 28
168 146 111
37 135 105
55 43 12
128 19 63
189 101 60
197 5 27
146 67 150
65 72 3
8 82 96
80 65 99
250 25 44
178 145 54
103 128 182
171 87 189
196 19 21
180 3 43
186 87 7
222 92 184
54 34 95
2 111 47
198 44 196
44 80 147
32 14 190
178 40 96
50 66 79
89 27 99
4 138 15
101 7 42
118 136 147
193 96 169
240 62 38
219 146 156
4 70 157
17 127 170
84 9 172
139 149 139
246 2 10
186 39 193
80 95 116
73 62 21
138 127 177
25 122 128
216 107 7
38 99 185
62 13 171
59 39 176
55 133 14
162 115 62
82 125 66
81 138 28
49 105 151
68 63 113
12 8 40
200 50 165
217 60 107
192 63 131
99 55 137
245 103 18
245 72 39
190 94 11
23 80 18
234 138 46
84 94 120
98 129 24
201 77 115
78 81 143
143 77 83
177 57 89
7 127 26
93 43 44
41 148 133
110 114 25
253 75 1
225 39 183
214 104 48
138 139 45
57 146 42
203 69 180
14 142 199
199 8 176
149 126 145
188 98 145
143 97 19
162 89 82
224 13 18
36 143 143
11 148 46
48 52 28
65 16 4
204 134 55
39 30 55
234 5 96
104 96 174
243 147 1
230 61 182
60 64 31
31 13 112
69 119 49
210 66 130
165 38 162
52 148 140
90 11 99
98 110 192
88 111 198
96 28 158
150 145 121
112 34 38
52 117 146
164 110 177
4 66 99
75 100 8
219 22 42
54 46 12
248 33 167
183 71 194
114 76 169
244 129 107
62 148 57
212 43 47
167 100 19
147 112 34
125 79 196
202 103 97
159 131 194
94 36 199
149 68 66
197 149 184
98 4 186
194 22 158
189 36 169
1 60 120
94 119 142
152 69 114
3 44 158
248 46 21
179 108 180
66 100 122
12 3 159
144 50 2
186 50 63
159 36 89
174 118 100
40 10 170
27 125 92
120 24 178
192 83 22
134 3 61
75 39 24
77 86 84
60 90 91
11 112 190
215 131 111
54 103 17
140 6 120
8 150 148
215 63 96
194 51 132
172 103 112
194 29 95
211 134 184
132 131 67
228 143 69
235 75 45
23 138 172
163 111 99
206 25 21
153 54 181
172 91 188
72 41 75
246 131 199
26 16 114
123 16 5
30 68 186
186 5 126
143 140 188
71 130 181
184 29 36
52 65 158
199 98 123
11 36 156
67 135 178
227 29 101
55 20 156
239 93 33
23 101 162
226 52 91
250 94 112
79 50 163
52 6 15
58 89 21
100 34 19
146 127 170
70 61 104
204 56 47
219 58 153
205 59 133
24 87 110
87 26 168
168 116 39
247 24 190
172 131 113
242 134 139
225 147 40
19 37 115
230 135 68
59 74 195
161 109 166
161 12 142
99 69 18
