510

6 15 16 17 21 22 29 30 
21 6 15 17 16 
14 7 11 10 8 
5 0

6 8 12 19 21 25 26 30 
30 8 6 21 26 
8 14 9 10 12 
5 0

1 3 12 18 24 27 29 31 
31 27 24 3 29 
1 13 11 10 6 
5 0

8 10 11 12 14 15 18 20 
20 14 15 12 10 
13 8 4 3 15 
5 0

4 7 9 10 14 15 16 19 
4 15 19 10 14 
14 9 12 1 4 
5 0

1 4 6 7 13 24 30 31 
7 24 4 30 1 
11 9 14 13 5 
5 0

1 7 9 12 14 17 19 21 
14 12 17 21 1 
14 6 5 7 9 
5 0

3 7 11 13 20 22 24 25 
25 3 7 20 22 
13 12 3 5 10 
5 0

1 3 17 18 19 26 28 29 
26 17 18 3 28 
15 13 14 10 4 
5 0

8 10 15 17 20 21 24 27 
20 17 21 8 24 
3 2 14 12 11 
5 0

6 7 10 15 20 21 23 25 
20 7 21 15 25 
10 3 11 12 9 
5 0

2 5 8 18 23 24 26 27 
8 5 2 23 27 
7 1 3 14 15 
5 0

6 8 14 15 16 23 24 30 
14 24 6 23 16 
4 7 8 14 15 
5 0

3 4 6 19 22 24 25 28 
22 3 25 4 19 
4 11 9 6 12 
5 0

5 8 10 14 17 22 25 30 
30 14 5 17 10 
1 11 2 6 12 
5 0

1 10 14 20 21 25 27 30 
30 27 20 14 25 
14 2 7 15 5 
5 0

7 11 18 23 24 25 28 29 
29 7 28 23 25 
8 12 2 3 9 
5 0

1 3 4 6 7 11 14 23 
6 1 4 11 23 
14 8 7 4 2 
5 0

3 9 10 12 13 14 24 27 
12 13 27 24 9 
4 9 15 10 5 
5 0

2 10 18 22 28 29 30 31 
29 31 10 18 28 
4 9 6 8 3 
5 0

2 11 12 15 20 22 24 28 
28 11 20 22 15 
5 1 11 14 8 
5 0

2 3 9 10 21 24 26 30 
21 30 10 9 3 
8 1 3 14 11 
5 0

1 3 6 7 12 13 15 22 
12 15 3 1 7 
4 15 5 10 14 
5 0

2 3 5 10 14 17 20 28 
5 20 17 2 10 
8 9 14 13 7 
5 0

4 5 10 13 26 28 30 31 
13 26 10 30 4 
14 2 11 8 1 
5 0

1 2 3 10 17 20 24 27 
24 2 27 17 1 
14 4 10 12 5 
5 0

1 4 5 12 15 18 23 31 
5 31 12 15 18 
15 13 1 8 9 
5 0

1 2 15 26 28 29 30 31 
26 15 2 28 30 
2 8 6 12 1 
5 0

2 6 11 12 13 15 19 20 
2 15 13 19 12 
15 11 3 6 5 
5 0

3 6 8 19 20 22 24 29 
22 6 8 24 3 
3 2 7 10 8 
5 0

7 8 18 21 22 24 27 29 
24 27 22 18 29 
11 8 9 7 5 
4 0

5 7 9 15 22 26 27 31 
27 31 7 5 26 
7 13 4 10 14 
4 0

6 8 9 10 12 18 20 23 
6 8 20 10 18 
5 13 12 6 1 
4 0

10 12 16 19 20 22 27 31 
12 22 16 20 19 
10 13 3 7 14 
4 0

5 12 13 16 17 26 28 31 
31 5 16 26 12 
12 9 11 10 6 
4 0

5 6 10 12 17 21 24 29 
21 6 17 12 24 
15 14 2 10 9 
4 0

2 5 8 13 20 26 30 31 
5 26 30 8 20 
6 9 15 10 7 
4 0

1 3 8 12 22 23 26 27 
23 27 8 1 12 
3 1 14 10 12 
4 0

8 9 10 14 17 21 24 27 
10 17 27 14 8 
8 14 4 13 10 
4 0

5 11 13 18 19 21 24 25 
24 11 18 13 19 
5 6 9 12 4 
4 0

3 6 10 15 17 21 24 28 
15 3 10 21 28 
9 1 12 10 14 
4 0

3 6 7 15 16 22 27 31 
7 16 3 15 31 
8 15 12 1 2 
4 0

13 16 17 19 22 27 28 29 
16 29 17 28 27 
8 3 2 12 13 
4 0

7 8 11 13 16 19 27 29 
27 11 19 29 7 
2 4 12 8 10 
4 0

4 9 10 14 21 24 26 31 
9 14 31 21 10 
13 1 10 15 5 
4 0

1 5 17 20 24 27 28 29 
28 24 27 1 29 
1 2 9 5 4 
4 0

5 9 19 20 21 24 26 29 
29 24 9 5 19 
12 4 1 6 15 
4 0

1 6 8 17 19 20 23 24 
20 17 1 19 23 
8 11 1 10 7 
4 0

3 5 8 11 16 23 24 31 
3 16 24 5 23 
1 12 11 2 14 
4 0

2 4 11 16 19 20 21 23 
2 21 4 11 19 
12 8 2 9 4 
4 0

4 6 11 19 21 23 24 27 
27 4 6 11 19 
5 14 1 13 6 
4 0

11 14 15 19 20 23 26 29 
23 11 14 26 15 
4 3 6 14 12 
4 0

5 10 14 15 19 22 29 31 
31 14 19 15 10 
1 15 11 8 5 
4 0

2 3 4 16 18 24 27 30 
18 2 24 4 16 
10 11 5 12 6 
4 0

10 11 14 16 19 21 25 27 
19 14 25 21 10 
8 13 5 10 2 
4 0

1 15 16 18 21 26 28 30 
28 26 16 30 1 
5 7 8 15 2 
4 0

1 3 8 14 15 20 28 31 
20 8 14 31 15 
1 11 10 9 3 
4 0

1 3 6 8 15 23 24 31 
23 3 1 6 31 
11 13 6 10 14 
4 0

2 6 7 8 11 16 23 29 
7 23 2 11 29 
1 2 7 8 10 
4 0

3 6 9 10 20 27 28 31 
31 3 10 28 6 
8 15 1 2 10 
4 0

10 12 18 21 22 25 26 28 
25 10 12 22 18 
2 8 14 9 12 
3 0

1 4 13 15 17 21 25 30 
25 1 21 15 4 
12 6 1 9 15 
3 0

3 6 12 13 16 24 25 28 
28 25 3 13 12 
4 13 12 10 6 
3 0

15 19 20 21 22 24 25 30 
24 30 15 22 25 
14 8 2 7 9 
3 0

4 13 16 18 22 25 28 30 
18 13 22 25 30 
14 11 12 10 7 
3 0

2 3 6 10 15 24 26 27 
3 6 15 10 24 
10 1 3 5 2 
3 0

1 3 5 8 16 20 22 29 
20 5 3 22 8 
12 9 13 10 11 
3 0

1 10 11 15 18 23 24 29 
18 1 15 11 23 
14 2 4 10 1 
3 0

1 7 9 18 22 23 29 30 
9 1 30 18 22 
11 9 6 5 1 
3 0

4 6 8 10 18 21 22 23 
21 22 4 18 23 
1 7 10 15 14 
3 0

4 8 11 12 15 17 26 30 
12 8 4 15 26 
1 5 13 9 2 
3 0

4 5 11 14 19 23 24 30 
19 5 4 23 11 
1 4 12 15 5 
3 0

4 6 12 13 14 24 25 31 
4 12 25 24 6 
14 4 2 13 5 
3 0

2 3 13 16 22 24 29 30 
22 16 2 3 13 
15 6 4 1 5 
3 0

2 4 7 8 9 19 24 28 
9 2 19 28 24 
3 13 4 10 15 
3 0

1 5 8 21 23 24 25 31 
24 25 5 23 8 
12 13 5 6 7 
3 0

3 11 14 16 18 20 24 27 
14 24 11 18 16 
1 15 3 11 10 
3 0

9 12 13 25 26 28 30 31 
30 9 26 28 25 
2 1 5 8 11 
3 0

1 10 11 16 17 20 23 30 
20 17 16 30 23 
2 1 7 6 15 
3 0

4 5 6 10 11 16 18 24 
18 24 6 11 10 
13 6 5 1 4 
3 0

1 4 9 13 19 21 23 28 
21 1 23 19 4 
2 13 3 14 8 
3 0

1 3 7 13 19 21 28 30 
7 1 13 19 28 
8 11 3 6 1 
3 0

1 16 17 18 19 21 23 26 
1 18 16 23 17 
12 4 1 5 9 
3 0

1 2 7 9 11 16 26 29 
2 1 11 9 16 
12 6 8 7 1 
3 0

1 3 16 20 21 26 27 28 
26 20 27 16 1 
7 1 4 5 15 
3 0

3 13 15 16 17 20 21 25 
13 17 25 3 21 
2 4 11 15 9 
3 0

4 10 14 18 19 24 28 30 
10 4 18 14 28 
14 7 4 3 2 
3 0

6 9 15 17 18 19 25 27 
6 19 15 17 27 
10 4 15 9 6 
3 0

10 11 14 15 18 19 29 31 
31 11 10 14 19 
7 13 2 1 5 
3 0

3 6 7 8 15 22 24 31 
31 3 24 7 6 
3 15 14 1 2 
3 0

1 2 3 8 9 29 30 31
31 30 29 8 9
15 14 13 1 12
3 1

1 13 15 16 18 20 21 22 
1 22 20 21 15 
8 9 1 11 12 
3 1

2 4 11 12 13 14 21 30 
4 30 14 11 13 
7 13 2 12 10 
3 1

2 14 20 24 26 27 30 31 
26 2 14 31 20 
5 11 14 12 1 
3 1

9 13 14 20 22 27 29 30 
20 22 13 27 9 
12 15 6 9 13 
3 1

2 15 18 23 24 25 27 30 
23 15 2 27 18 
4 5 14 9 12 
3 1

2 5 8 10 13 17 27 30 
17 5 27 8 10 
8 7 9 13 6 
3 1

1 3 4 7 11 12 18 25 
11 7 4 12 1 
13 9 7 10 14 
3 1

8 9 10 15 18 19 22 30 
9 15 10 18 30 
11 14 7 9 5 
3 1

2 5 8 18 23 27 30 31 
27 18 2 5 23 
11 1 14 10 5 
3 1

8 11 16 21 22 24 28 30 
24 16 8 11 22 
14 5 3 8 6 
3 1

5 6 9 14 16 19 20 30 
14 16 19 30 6 
4 3 6 14 13 
3 1

3 8 10 14 19 20 23 26 
14 19 23 3 26 
14 1 13 12 4 
3 1

3 8 12 13 14 21 29 31 
29 13 8 14 12 
6 4 14 2 5 
3 1

3 10 12 13 21 24 28 29 
13 29 24 28 21 
1 2 4 14 9 
3 1

1 2 11 12 16 17 20 21 
11 21 20 16 1 
9 13 12 2 4 
3 1

2 9 15 19 22 25 26 29 
22 19 15 25 2 
2 5 7 8 9 
3 1

3 11 13 14 16 17 25 28 
11 14 28 25 17 
13 4 5 14 8 
3 1

4 5 9 17 24 27 29 31 
31 5 29 9 24 
7 6 8 10 3 
3 1

2 3 4 17 22 24 26 29 
29 4 22 17 24 
5 3 13 1 2 
3 1

3 4 7 11 14 18 22 30 
4 18 11 3 22 
5 11 9 4 6 
3 1

3 17 19 20 23 26 28 31 
17 26 3 28 20 
2 3 10 7 15 
3 1

1 2 3 9 13 15 30 31 
30 1 9 15 3 
4 7 3 14 9 
3 1

4 5 12 19 21 23 25 30 
25 4 30 21 19 
2 11 3 13 4 
3 1

3 13 16 21 23 24 26 28 
3 21 26 23 24 
9 5 1 11 13 
3 1

3 4 12 14 16 22 24 28 
24 22 28 12 16 
15 5 1 3 14 
3 1

1 10 14 16 22 24 25 27 
22 1 25 24 16 
1 8 13 6 15 
3 1

2 6 8 15 18 22 23 25 
8 15 6 2 18 
1 2 14 7 13 
3 1

1 4 6 18 20 23 25 29 
25 23 29 6 4 
6 10 13 5 15 
3 1

3 8 12 16 21 24 27 28 
12 27 8 3 21 
8 5 13 11 6 
3 1

6 9 14 16 17 21 28 29 
29 21 9 28 17 
14 11 7 15 12 
3 2

8 12 17 23 24 26 28 29 
26 23 28 24 17 
6 1 10 2 14 
3 2

4 10 21 23 25 26 29 31 
29 4 25 26 10 
3 4 12 2 9 
3 2

5 12 15 16 17 18 25 28 
17 16 25 12 5 
1 7 11 14 10 
3 2

3 5 9 10 16 18 23 24 
5 10 24 9 3 
5 11 8 1 9 
3 2

1 5 7 8 9 11 12 28 
5 8 28 1 7 
8 11 14 9 2 
3 2

1 10 11 15 17 18 29 31 
11 29 10 31 15 
2 11 12 10 5 
3 2

1 2 5 6 10 16 26 28 
1 2 6 28 10 
3 8 2 1 12 
3 2

2 11 12 13 14 19 24 26 
13 11 19 2 14 
4 7 1 12 13 
3 2

3 11 12 14 21 26 27 30 
27 30 3 12 21 
6 12 13 1 3 
3 2

1 2 8 10 16 19 23 28 
8 23 10 1 2 
11 7 4 9 6 
3 2

2 6 13 14 17 20 21 31 
14 21 17 20 13 
10 9 6 15 12 
3 2

9 11 14 15 18 20 30 31 
20 9 15 30 14 
5 14 11 3 4 
3 2

5 10 13 15 22 25 27 28 
27 22 5 13 15 
12 11 13 4 9 
3 2

4 10 11 14 15 23 27 31 
15 27 14 4 10 
12 6 13 15 2 
3 2

4 7 11 16 17 21 25 27 
21 17 27 11 16 
3 2 15 7 14 
3 2

3 4 6 15 17 19 20 23 
6 19 17 20 4 
7 1 2 11 8 
3 2

2 3 5 6 10 14 17 27 
10 14 17 3 5 
14 6 13 3 1 
3 2

1 2 10 12 14 19 26 27 
1 19 27 14 26 
14 2 9 7 12 
3 2

1 11 13 16 18 23 24 28 
16 1 28 11 18 
12 3 1 9 14 
3 2

8 10 16 20 22 25 26 27 
26 25 20 8 16 
3 7 1 4 12 
3 2

2 3 5 6 15 21 23 28 
23 3 15 2 6 
2 4 5 1 6 
3 2

2 4 7 11 12 22 28 30 
30 7 12 28 22 
1 2 15 7 10 
3 2

6 10 11 15 23 27 29 31 
15 29 11 31 27 
14 6 10 7 12 
3 2

6 10 11 19 27 29 30 31 
29 10 6 27 19 
6 8 14 11 3 
3 2

1 4 6 9 18 23 26 30 
23 26 4 18 6 
7 2 4 15 3 
3 2

3 8 9 12 13 16 19 24 
8 16 3 13 24 
8 9 4 3 6 
3 2

1 10 16 17 25 26 27 28 
16 17 1 26 10 
9 10 8 11 15 
3 2

1 4 9 15 16 22 24 25 
4 24 9 22 1 
1 14 9 13 6 
3 2

5 10 13 22 26 27 28 31 
28 10 22 27 5 
5 11 7 9 1 
3 2

2 7 12 13 17 19 20 30 
2 19 17 30 7 
5 8 11 3 1 
2 0

1 3 6 7 8 17 28 30 
1 6 17 30 3 
2 12 6 10 4 
2 0

1 2 4 7 14 28 30 31 
28 1 7 4 31 
13 2 5 8 15 
2 0

1 6 8 15 19 25 27 28 
25 1 15 6 27 
12 14 7 1 13 
2 0

2 3 6 7 10 15 24 26 
3 24 10 7 26 
15 12 7 8 11 
2 0

1 5 11 15 18 23 26 27 
5 15 26 11 27 
11 10 13 7 8 
2 0

14 15 16 17 22 24 27 29 
16 14 17 15 22 
11 1 3 7 6 
2 0

6 7 14 19 20 22 26 27 
19 27 22 26 20 
7 10 8 9 5 
2 0

4 8 19 20 24 25 27 28 
28 4 19 20 8 
4 14 9 3 2 
2 0

2 5 7 10 12 14 24 30 
24 12 7 30 2 
13 4 6 8 2 
2 0

3 4 6 9 13 15 25 30 
30 15 25 4 9 
5 2 8 10 15 
2 0

2 10 16 20 22 24 26 31 
26 16 20 2 31 
4 8 3 12 14 
2 0

2 4 5 11 20 23 27 28 
28 23 5 2 11 
3 13 1 10 8 
2 0

2 3 5 6 17 21 24 31 
3 6 5 2 21 
14 8 11 12 2 
2 0

4 14 15 18 22 26 28 31 
15 4 14 18 22 
11 1 3 8 4 
2 0

3 5 12 21 23 26 27 28 
21 26 5 3 28 
13 14 8 7 4 
2 0

1 6 13 19 22 23 24 31 
22 6 31 23 1 
4 14 8 12 7 
2 0

2 7 8 10 11 13 15 24 
24 11 8 10 15 
13 2 1 3 5 
2 0

6 8 9 10 20 27 29 30 
27 30 10 20 6 
6 2 5 1 14 
2 0

1 10 11 12 13 27 28 30 
27 12 28 11 30 
11 9 5 12 6 
2 0

3 12 16 19 23 24 25 31 
23 12 3 31 16 
7 13 11 12 9 
2 0

1 3 4 21 22 23 26 27 
27 21 26 1 3 
2 14 10 5 15 
2 0

7 9 11 18 19 20 25 30 
11 19 9 18 20 
14 13 15 12 1 
2 0

7 17 18 19 22 24 29 30 
7 17 24 29 18 
15 9 2 14 8 
2 0

2 3 8 10 14 18 23 28 
28 8 10 14 2 
7 1 13 10 15 
2 0

4 8 9 10 11 15 20 26 
8 15 4 20 10 
2 1 13 15 8 
2 0

10 14 15 18 19 20 22 28 
22 14 10 20 19 
11 14 2 9 13 
2 0

4 6 7 13 16 22 26 29 
26 4 16 29 22 
1 9 3 11 13 
2 0

2 11 15 16 18 22 28 30 
22 15 11 2 16 
14 4 9 1 6 
2 0

4 9 19 20 21 26 29 30 
30 26 21 20 9 
13 5 14 7 11 
2 0

5 7 12 18 19 26 27 30 
7 19 30 12 26 
10 12 11 9 5 
2 1

2 7 13 14 18 20 22 23 
2 23 20 7 18 
14 10 6 15 2 
2 1

2 8 9 17 18 20 28 30 
18 9 20 2 28 
2 8 5 4 10 
2 1

1 2 15 16 18 25 30 31 
16 25 18 30 2 
9 1 7 14 10 
2 1

1 2 17 18 19 23 28 30 
19 18 1 30 2 
4 2 1 6 11 
2 1

1 14 16 21 22 23 24 27 
24 1 16 27 23 
5 9 2 1 14 
2 1

3 4 8 9 17 25 26 31 
3 8 31 4 26 
11 1 10 8 9 
2 1

1 2 3 10 17 21 22 28 
2 3 22 17 10 
6 14 15 7 10 
2 1

1 2 3 4 22 28 29 31 
2 3 31 29 4 
1 8 15 10 9 
2 1

2 6 8 9 11 12 24 30 
6 8 12 2 24 
6 1 11 10 15 
2 1

5 8 10 11 12 16 26 31 
26 12 10 11 5 
5 6 12 11 4 
2 1

2 3 5 8 13 21 24 29 
2 8 21 13 5 
7 14 5 3 8 
2 1

1 8 13 19 23 26 28 31 
1 8 23 19 31 
5 3 12 4 8 
2 1

1 4 8 11 20 21 23 24 
21 11 20 23 4 
13 7 11 4 14 
2 1

4 8 13 14 15 18 26 29 
14 29 4 26 18 
12 5 15 9 6 
2 1

2 19 23 24 26 28 29 30 
24 26 23 28 30 
11 15 9 8 14 
2 1

3 6 7 8 11 12 20 23 
7 8 23 6 3 
14 9 2 13 15 
2 1

9 20 21 22 24 25 28 29 
21 24 28 29 25 
11 8 6 14 15 
2 1

3 5 9 12 13 18 23 31 
23 18 31 12 13 
11 3 4 12 13 
2 1

2 10 13 16 18 20 24 25 
20 25 13 10 2 
6 10 12 5 11 
2 1

4 5 12 14 23 25 26 27 
14 4 27 5 12 
15 7 2 6 9 
2 1

2 13 17 20 25 26 27 28 
27 28 20 26 2 
13 11 14 1 9 
2 1

7 12 14 15 22 24 26 29 
22 14 24 7 26 
2 9 12 15 3 
2 1

3 4 5 14 20 23 25 27 
5 25 27 14 3 
5 2 8 9 15 
2 1

8 12 15 17 24 25 28 30 
15 25 8 24 17 
3 2 5 11 6 
2 1

3 4 5 8 17 18 23 30 
30 5 4 23 17 
6 11 10 14 12 
2 1

1 6 7 12 16 18 19 30 
12 30 7 6 18 
9 14 15 4 13 
2 1

9 12 18 19 20 27 28 30 
12 27 28 30 20 
3 9 7 14 8 
2 1

2 3 10 12 17 22 28 31 
10 28 3 12 17 
1 7 12 2 11 
2 1

7 8 11 14 15 21 23 26 
11 15 14 23 21 
10 1 13 8 9 
2 1

1 2 3 8 9 10 30 31
31 30 2 9 1
15 14 13 12 1
2 2

4 7 9 10 14 15 17 21 
9 7 4 21 14 
8 3 10 11 13 
2 2

1 7 14 15 22 23 26 29 
14 1 7 29 23 
5 2 12 9 15 
2 2

2 4 8 18 21 22 24 29 
4 18 24 29 2 
8 7 4 12 2 
2 2

8 9 11 12 19 20 22 25 
20 22 19 9 12 
1 4 14 15 13 
2 2

1 8 15 17 18 19 22 28 
28 19 18 17 1 
6 13 1 14 8 
2 2

9 16 17 18 21 24 26 30 
17 30 24 26 21 
10 3 2 4 12 
2 2

4 5 6 8 9 10 19 24 
4 8 24 9 10 
13 10 12 8 5 
2 2

2 4 12 13 16 21 27 29 
2 4 16 12 29 
15 13 1 7 4 
2 2

3 4 15 17 19 24 30 31 
17 30 4 15 3 
7 11 8 15 4 
2 2

1 10 11 18 24 25 30 31 
1 25 30 10 11 
15 1 10 3 13 
2 2

1 2 5 9 10 12 20 21 
1 21 20 5 10 
13 6 3 11 4 
2 2

1 7 8 11 16 18 22 29 
7 1 11 16 8 
6 5 8 12 2 
2 2

3 12 25 26 27 28 30 31 
3 25 30 12 26 
3 14 12 7 4 
2 2

4 6 15 17 18 19 26 31 
6 26 19 17 18 
14 9 15 4 6 
2 2

6 13 14 15 16 18 19 24 
15 16 19 18 13 
12 14 5 15 2 
2 2

2 5 8 16 19 22 23 30 
22 8 2 5 16 
3 1 11 14 15 
2 2

9 13 14 15 17 24 25 29 
15 14 25 9 24 
8 9 11 2 13 
2 2

3 11 13 14 16 24 27 30 
3 24 14 27 11 
15 8 4 11 10 
2 2

14 15 18 21 25 26 28 29 
21 25 28 18 26 
12 15 14 11 7 
2 2

3 4 10 16 17 19 20 26 
10 17 3 20 4 
7 4 11 14 1 
2 2

5 6 8 15 17 26 28 29 
15 5 17 28 8 
5 6 11 4 2 
2 2

1 2 8 10 11 19 26 28 
28 1 19 26 11 
10 13 7 9 2 
2 2

7 12 14 16 17 19 26 27 
12 26 7 14 16 
1 8 12 14 11 
2 2

5 7 13 14 17 20 22 29 
13 20 22 17 5 
7 14 12 15 13 
2 2

7 12 15 18 19 23 24 29 
23 12 29 15 24 
14 10 6 5 15 
2 2

5 8 9 16 19 20 22 25 
5 16 22 9 20 
10 3 12 5 8 
2 2

5 13 16 17 22 27 28 31 
5 17 28 22 27 
5 14 1 4 6 
2 2

3 10 16 20 21 22 26 30 
16 20 10 3 22 
14 7 11 9 10 
2 2

1 3 6 11 13 18 25 27 
3 13 27 1 25 
14 7 12 15 5 
2 2

1 2 5 9 14 17 20 21 
1 2 9 17 5 
8 6 14 1 10 
2 3

2 12 14 17 22 23 29 31 
14 22 31 29 23 
7 8 12 11 5 
2 3

1 3 4 5 18 21 26 31 
3 1 4 18 31 
2 8 14 5 13 
2 3

7 9 11 14 18 20 21 28 
7 18 28 11 20 
5 6 10 2 14 
2 3

6 8 9 11 16 23 27 28 
6 23 9 8 28 
13 9 15 5 6 
2 3

2 4 8 9 10 13 16 17 
9 16 2 4 10 
8 2 15 13 5 
2 3

1 6 12 15 17 24 26 30 
26 15 1 24 30 
2 11 3 7 8 
2 3

4 6 8 20 24 26 27 30 
20 30 26 4 6 
2 3 7 10 1 
2 3

8 11 13 15 20 23 30 31 
30 31 11 23 15 
5 2 4 11 15 
2 3

1 5 8 12 15 23 26 31 
23 8 1 12 31 
13 14 5 7 9 
2 3

2 6 7 10 12 17 18 22 
10 22 12 18 7 
1 2 3 4 10 
2 3

7 13 15 19 23 29 30 31 
23 13 19 30 7 
1 9 10 8 15 
2 3

2 9 10 15 18 23 24 26 
23 10 18 9 26 
7 11 6 1 5 
2 3

8 12 15 17 22 24 27 30 
30 24 8 22 17 
9 4 5 10 2 
2 3

5 9 10 15 17 22 26 31 
9 10 31 15 17 
4 11 13 1 12 
2 3

2 3 5 11 16 26 27 28 
26 2 16 27 5 
15 4 7 1 3 
2 3

6 7 14 17 19 25 29 31 
6 31 17 25 14 
1 2 6 5 9 
2 3

3 13 17 19 20 27 30 31 
19 13 31 27 17 
9 13 1 11 12 
2 3

3 12 14 19 20 25 28 29 
28 3 19 20 14 
10 6 2 5 7 
2 3

5 7 10 13 15 23 27 29 
13 27 10 5 29 
1 12 4 7 10 
2 3

4 6 15 18 21 27 28 29 
29 21 18 28 27 
6 12 7 3 14 
2 3

1 10 14 15 17 19 21 27 
19 27 14 21 10 
7 14 3 2 12 
2 3

3 6 7 10 15 21 23 30 
21 15 23 7 10 
6 11 2 4 3 
2 3

7 9 13 15 18 19 22 30 
13 30 18 22 9 
2 13 8 1 10 
2 3

1 9 10 12 14 18 25 28 
28 1 18 10 9 
10 6 9 4 5 
2 3

4 11 12 16 20 22 25 26 
16 4 26 25 12 
10 6 9 1 8 
2 3

7 9 10 20 21 24 26 28 
26 10 20 24 7 
7 9 13 12 1 
2 3

5 6 12 14 20 21 23 24 
20 5 23 24 6 
13 4 9 8 15 
2 3

3 4 10 11 16 19 25 31 
16 19 4 25 3 
10 15 12 14 11 
2 3

2 5 8 12 13 14 17 19 
5 19 2 14 13 
12 14 7 2 4 
2 3

2 6 9 12 17 25 29 31 
25 29 17 2 12 
14 12 2 15 3 
1 4

8 9 10 12 17 20 25 28 
28 9 20 12 8 
6 9 7 14 2 
1 4

5 7 15 17 20 26 29 30 
29 26 20 30 15 
4 7 6 1 10 
1 4

14 15 18 19 20 23 26 28 
14 15 19 18 23 
14 10 12 4 9 
1 4

1 8 12 16 17 18 20 28 
17 28 8 16 12 
8 15 1 13 3 
1 4

6 9 13 15 16 21 26 29 
6 29 9 13 26 
14 5 4 3 11 
1 4

5 8 9 10 15 26 27 31 
10 5 31 26 8 
5 3 6 13 8 
1 4

4 6 14 15 18 21 29 30 
15 30 21 6 18 
4 5 11 7 1 
1 4

3 5 12 14 15 19 22 29 
12 14 3 19 15 
15 6 10 2 12 
1 4

7 10 11 14 15 19 21 28 
11 10 14 21 15 
9 12 3 2 10 
1 4

15 20 23 24 25 27 29 31 
27 31 24 15 29 
6 10 9 2 13 
1 4

3 5 6 13 21 23 28 29 
3 23 28 21 29 
6 10 4 2 12 
1 4

2 3 6 10 19 22 27 30 
22 2 27 30 10 
13 5 2 4 6 
1 4

4 6 8 22 25 28 29 31 
22 8 31 28 25 
8 11 12 4 13 
1 4

2 7 9 16 18 25 29 31 
25 16 31 2 9 
10 15 4 6 1 
1 4

1 7 8 11 14 20 26 28 
1 26 20 11 14 
11 10 15 2 3 
1 4

4 6 10 17 21 26 29 30 
30 21 26 29 6 
15 10 6 12 9 
1 4

1 2 4 6 7 12 27 28 
6 4 1 27 2 
2 8 6 10 1 
1 4

4 8 11 13 18 19 22 25 
8 18 11 4 22 
7 2 11 10 3 
1 4

6 7 8 10 18 22 29 31 
8 22 6 18 29 
9 14 8 4 3 
1 4

2 12 13 14 16 18 24 25 
25 24 18 16 2 
15 12 2 8 7 
1 4

3 7 9 15 18 22 27 30 
30 15 7 22 18 
7 9 8 12 14 
1 4

3 5 8 17 22 24 27 28 
3 17 28 8 27 
10 12 8 9 13 
1 4

3 4 8 11 20 25 28 29 
3 20 29 28 25 
2 4 9 3 1 
1 4

1 9 18 19 21 23 25 30 
1 23 30 25 21 
8 6 15 11 14 
1 4

1 6 10 13 16 21 28 31 
31 21 1 10 28 
4 14 9 5 8 
1 4

3 5 15 18 23 27 30 31 
31 15 18 23 3 
5 3 8 7 14 
1 4

2 4 5 6 9 13 16 21 
13 21 4 2 9 
4 6 14 8 12 
1 4

1 2 12 13 14 19 24 25 
25 2 19 24 12 
12 14 4 2 1 
1 4

4 11 17 22 23 24 29 30 
29 17 23 24 22 
8 7 6 1 4 
1 4

3 10 14 16 17 18 26 27 
18 17 14 3 10 
2 13 3 15 14 
1 3

1 2 13 15 16 21 27 29 
21 13 1 27 2 
5 2 13 6 4 
1 3

3 8 11 15 18 21 24 30 
30 11 3 24 8 
1 6 8 13 11 
1 3

1 9 12 15 17 20 23 24 
15 20 17 12 9 
13 6 10 11 15 
1 3

4 12 15 21 26 29 30 31 
21 15 31 29 12 
10 5 12 6 13 
1 3

3 5 9 10 13 18 20 29 
9 3 10 13 18 
8 14 10 3 13 
1 3

4 6 10 14 20 24 28 29 
14 20 6 29 24 
11 4 14 7 5 
1 3

1 2 5 11 14 20 27 30 
2 5 14 20 11 
15 10 12 13 8 
1 3

2 7 9 11 13 15 18 21 
2 13 9 7 15 
7 2 10 9 14 
1 3

8 10 11 15 16 17 20 21 
17 20 11 10 21 
7 3 2 8 6 
1 3

6 7 15 18 21 23 26 27 
15 7 21 26 18 
13 3 9 7 6 
1 3

5 8 11 12 17 19 23 27 
5 12 8 11 27 
12 5 1 4 6 
1 3

9 17 21 22 24 25 29 31 
31 29 24 9 25 
12 4 9 6 13 
1 3

1 7 8 11 18 19 23 30 
19 30 1 7 11 
4 9 1 6 3 
1 3

1 3 4 5 13 15 26 30 
4 3 13 26 1 
9 4 5 14 15 
1 3

2 4 12 16 17 20 22 29 
2 29 17 20 4 
5 7 12 2 6 
1 3

2 5 9 12 15 20 30 31 
2 15 30 31 9 
7 11 15 10 3 
1 3

7 12 19 20 21 23 24 31 
24 23 21 19 7 
12 15 1 7 10 
1 3

1 3 4 8 14 15 16 31 
16 31 8 4 3 
10 5 9 8 12 
1 3

2 6 9 11 13 23 24 31 
6 23 13 11 2 
3 10 8 12 7 
1 3

3 5 13 15 16 22 28 29 
5 15 16 29 22 
5 8 3 7 14 
1 3

2 9 18 22 23 24 25 27 
9 18 23 24 25 
1 4 13 12 6 
1 3

2 9 11 13 17 27 28 31 
17 31 2 28 27 
8 12 3 2 13 
1 3

2 8 10 12 17 21 22 30 
30 17 10 21 22 
10 3 2 7 14 
1 3

5 7 9 12 15 20 22 27 
7 27 9 15 12 
8 1 5 15 12 
1 3

1 2 7 12 21 24 30 31 
1 24 30 31 21 
3 2 12 10 1 
1 3

4 7 8 10 11 15 16 19 
8 19 15 7 4 
5 7 10 11 2 
1 3

3 8 10 12 17 21 28 31 
31 8 21 3 28 
8 3 7 11 6 
1 3

5 6 17 19 21 23 29 30 
17 19 21 5 23 
9 2 13 15 6 
1 3

1 5 7 11 15 16 22 30 
15 5 22 30 1 
15 10 13 8 14 
1 3

1 3 6 7 9 11 12 28 
12 28 9 3 7 
3 12 9 7 2 
1 2

4 5 7 13 18 21 27 31 
18 4 27 5 13 
9 3 12 13 15 
1 2

1 5 6 13 17 18 24 28 
5 18 1 13 17 
10 12 2 3 13 
1 2

5 7 8 10 13 16 25 29 
5 10 8 7 16 
11 7 13 3 14 
1 2

1 2 4 18 21 27 28 29 
2 4 29 27 21 
7 8 12 2 13 
1 2

2 3 10 12 20 21 25 27 
12 20 10 2 21 
11 4 7 14 8 
1 2

2 3 6 9 10 14 20 24 
20 2 24 6 14 
4 3 9 14 5 
1 2

2 5 6 9 17 18 25 29 
25 5 9 18 17 
11 14 12 4 10 
1 2

4 11 12 22 24 25 26 27 
24 22 11 26 27 
13 15 11 7 2 
1 2

3 4 5 6 10 12 13 26 
13 5 3 26 4 
6 3 1 11 4 
1 2

6 8 10 13 15 19 23 27 
27 10 13 23 15 
14 9 7 1 2 
1 2

1 2 3 7 8 11 17 23 
2 23 8 3 7 
11 5 12 7 6 
1 2

3 4 5 12 14 20 28 29 
4 20 14 3 29 
3 5 10 7 6 
1 2

3 4 9 10 17 20 24 28 
4 10 3 9 20 
11 10 14 3 15 
1 2

1 4 12 20 22 24 25 29 
22 1 29 24 25 
9 5 6 11 15 
1 2

1 5 12 15 24 27 29 31 
5 29 12 27 15 
6 9 12 10 4 
1 2

3 4 18 19 20 27 28 29 
3 19 28 20 4 
13 3 12 1 10 
1 2

1 2 8 9 12 23 26 28 
9 1 2 23 28 
2 11 13 3 15 
1 2

4 5 7 9 12 16 18 23 
12 9 4 16 7 
14 5 2 1 13 
1 2

8 11 15 16 19 21 24 28 
11 16 8 24 15 
10 4 3 1 5 
1 2

1 3 4 8 9 16 27 29 
16 8 1 4 27 
5 13 14 6 9 
1 2

4 5 9 11 13 15 28 31 
5 15 11 9 4 
14 15 10 4 12 
1 2

2 3 10 16 18 19 24 31 
16 31 2 18 24 
5 4 14 1 3 
1 2

2 7 14 16 17 18 23 25 
7 23 17 25 18 
1 13 12 7 6 
1 2

2 13 14 15 24 26 28 31 
31 2 28 24 13 
9 1 11 12 7 
1 2

3 15 17 20 23 24 27 31 
24 31 27 17 3 
3 8 7 10 1 
1 2

5 8 12 13 16 19 23 28 
28 19 23 12 16 
4 2 13 6 15 
1 2

2 6 8 11 22 23 26 29 
23 29 26 11 2 
14 7 1 2 15 
1 2

2 5 10 11 17 20 22 28 
22 17 11 2 28 
11 10 1 13 6 
1 2

1 10 11 12 16 19 20 30 
30 12 11 1 20 
12 2 11 9 10 
1 2

1 7 10 15 16 20 21 30 
15 10 20 16 21 
4 13 7 10 15 
1 1

4 5 6 7 18 23 24 31 
5 18 6 23 24 
5 6 2 15 13 
1 1

10 11 19 23 26 28 30 31 
11 26 19 28 23 
8 9 12 6 15 
1 1

3 9 10 14 15 18 20 29 
18 3 15 29 9 
8 11 1 14 13 
1 1

4 10 12 13 15 16 24 30 
10 15 4 24 16 
8 2 14 6 13 
1 1

5 10 17 19 21 24 25 30 
19 10 25 21 24 
3 12 4 5 7 
1 1

4 6 10 12 16 20 26 28 
6 12 20 4 10 
1 2 8 6 5 
1 1

2 4 5 6 8 13 24 30 
6 13 5 30 2 
1 10 3 7 13 
1 1

3 11 20 21 22 27 28 31 
20 31 28 22 3 
1 4 7 9 10 
1 1

1 2 7 11 12 23 24 29 
1 2 11 7 23 
14 8 3 10 1 
1 1

7 8 9 10 19 20 28 31 
19 20 31 28 8 
13 9 5 7 3 
1 1

2 3 6 8 17 22 23 30 
2 17 3 23 30 
8 7 1 12 4 
1 1

1 2 10 11 18 19 24 31 
19 2 24 18 1 
11 8 9 1 15 
1 1

6 9 11 14 16 17 21 22 
14 6 22 11 16 
5 15 13 11 14 
1 1

6 15 17 18 21 23 24 31 
18 23 6 31 15 
6 1 15 5 11 
1 1

7 8 9 11 14 24 27 31 
7 8 31 27 9 
9 13 14 10 7 
1 1

2 3 14 16 18 23 27 29 
3 23 29 16 18 
12 4 10 9 5 
1 1

2 9 13 15 16 17 24 28 
9 24 13 16 17 
2 10 6 3 1 
1 1

5 14 16 17 20 29 30 31 
20 17 14 29 5 
12 7 15 1 14 
1 1

4 5 8 11 12 17 18 24 
12 17 5 24 18 
6 4 11 9 12 
1 1

4 5 11 21 22 23 24 26 
26 21 24 11 5 
9 1 2 4 10 
1 1

3 15 16 17 19 20 21 22 
3 16 15 17 22 
3 8 6 4 7 
1 1

4 8 16 20 22 26 27 29 
29 26 4 16 8 
7 9 12 5 6 
1 1

1 4 5 8 9 19 27 28 
27 1 28 5 19 
11 4 5 12 8 
1 1

1 7 9 12 19 23 24 26 
1 23 12 26 19 
6 13 8 11 7 
1 1

1 9 12 15 16 19 20 27 
19 27 1 20 9 
3 2 15 13 11 
1 1

1 3 4 6 16 20 27 29 
3 16 20 29 6 
8 12 13 4 1 
1 1

1 3 11 12 15 26 27 30 
12 30 26 11 1 
3 15 10 12 7 
1 1

2 5 15 16 19 21 22 26 
16 5 22 21 19 
10 13 7 3 8 
1 1

1 9 10 11 21 22 25 29 
1 25 21 11 10 
2 11 7 3 6 
1 1

1 13 14 16 19 21 23 30 
21 23 19 14 30 
14 10 1 12 2 
0 2

4 6 9 11 19 21 23 29 
23 9 21 19 4 
7 13 14 8 11 
0 2

2 7 13 16 18 20 23 26 
13 26 23 20 7 
4 14 12 2 3 
0 2

1 2 4 8 15 19 26 28 
15 26 8 4 19 
1 15 14 6 9 
0 2

1 11 13 15 16 19 28 29 
29 11 13 19 1 
12 1 4 5 9 
0 2

3 6 12 14 17 20 28 30 
12 30 6 3 20 
9 5 10 11 13 
0 2

3 7 8 13 17 19 21 28 
7 8 28 19 3 
12 11 2 1 14 
0 2

1 2 4 5 18 19 22 31 
22 18 4 31 19 
12 8 13 3 2 
0 2

5 6 7 9 10 12 25 27 
5 7 12 10 27 
7 1 12 8 10 
0 2

2 5 15 17 20 21 24 28 
21 28 2 5 17 
12 9 10 14 11 
0 2

2 3 5 6 9 12 21 30 
21 6 9 5 30 
12 2 11 10 3 
0 2

1 2 4 5 10 12 29 31 
29 12 31 2 4 
12 6 4 14 7 
0 2

3 4 5 17 20 21 23 25 
23 4 21 20 25 
1 7 9 12 13 
0 2

6 8 12 14 16 21 26 28 
12 16 14 28 21 
7 8 3 5 1 
0 2

3 4 6 10 15 17 26 30 
30 6 15 3 26 
3 7 4 5 10 
0 2

4 12 13 15 20 22 23 25 
12 20 22 15 25 
6 10 11 1 8 
0 2

2 6 11 15 18 20 25 31 
18 25 31 6 2 
4 5 11 9 3 
0 2

1 14 17 19 24 25 27 28 
1 19 17 25 28 
15 6 1 12 11 
0 2

4 7 11 17 20 24 26 27 
11 17 4 26 27 
5 10 6 14 8 
0 2

10 11 16 17 19 20 21 26 
20 11 10 17 16 
15 8 13 6 9 
0 2

1 2 4 8 9 15 21 25 
2 15 9 4 8 
2 9 3 4 11 
0 2

2 7 12 13 14 18 19 26 
13 2 19 7 18 
6 11 9 10 12 
0 2

5 9 13 20 25 27 30 31 
30 13 27 31 25 
3 11 1 6 7 
0 2

1 4 5 8 13 15 19 21 
13 8 5 19 4 
1 3 2 15 8 
0 2

6 12 18 20 26 27 30 31 
30 12 27 20 26 
8 10 7 14 15 
0 2

2 6 7 16 22 24 25 31 
7 25 22 2 6 
12 8 15 11 5 
0 2

4 8 11 19 22 25 29 31 
22 11 4 8 31 
4 12 15 13 2 
0 2

5 7 8 10 14 15 22 26 
26 10 22 5 15 
14 12 13 7 10 
0 2

5 7 9 12 17 22 23 28 
5 9 12 17 7 
11 4 12 14 13 
0 2

1 6 9 13 15 24 27 30 
27 9 30 1 6 
7 15 2 14 9 
0 2

1 4 5 12 14 21 23 28 
14 28 23 4 1 
7 1 13 4 6 
0 3

5 6 10 17 21 27 29 31 
10 6 5 27 21 
7 8 1 10 11 
0 3

2 4 10 12 13 15 21 26 
13 26 12 10 15 
4 5 3 2 1 
0 3

2 10 15 16 19 23 28 31 
19 23 16 2 28 
10 13 11 15 3 
0 3

1 2 8 10 15 26 28 30 
26 2 1 10 28 
2 5 13 8 15 
0 3

1 4 7 11 14 19 22 26 
11 7 26 4 19 
12 10 14 5 3 
0 3

11 13 17 21 22 26 27 31 
22 11 26 21 17 
5 15 9 14 13 
0 3

1 4 5 7 13 27 29 31 
5 4 1 13 7 
8 6 15 12 5 
0 3

13 15 16 19 21 25 27 31 
27 21 25 13 16 
3 12 14 10 9 
0 3

4 5 14 15 19 23 24 31 
15 14 5 4 23 
10 15 14 3 11 
0 3

4 10 16 18 20 26 27 28 
10 16 18 28 20 
12 1 13 11 14 
0 3

1 3 4 6 7 10 13 31 
7 6 3 13 1 
4 15 13 11 12 
0 3

2 6 7 10 14 17 18 31 
18 17 14 6 2 
11 5 12 6 15 
0 3

6 8 9 10 21 24 25 31 
24 25 31 21 8 
9 15 10 1 12 
0 3

3 4 7 12 15 23 27 29 
15 27 23 12 29 
15 4 10 6 5 
0 3

6 13 20 21 23 27 28 30 
13 28 21 27 20 
12 11 9 3 6 
0 3

1 6 12 17 18 19 20 30 
12 30 18 19 17 
13 11 12 5 9 
0 3

1 3 9 11 21 23 26 29 
23 3 21 29 26 
12 8 5 3 15 
0 3

2 4 16 17 18 24 30 31 
30 16 24 17 2 
10 11 13 12 1 
0 3

1 2 4 5 14 24 28 31 
5 2 4 1 31 
15 11 6 2 13 
0 3

4 6 18 20 22 25 27 29 
27 4 18 25 20 
2 1 9 15 12 
0 3

7 9 15 18 21 22 26 29 
15 26 9 7 21 
5 12 7 3 4 
0 3

1 3 11 12 14 18 22 23 
12 22 18 3 23 
15 4 10 1 2 
0 3

1 3 4 6 7 8 22 23 
6 7 3 23 4 
12 5 8 4 11 
0 3

3 6 7 14 20 23 27 30 
20 23 7 27 14 
3 14 7 4 9 
0 3

1 4 8 11 13 16 18 25 
11 4 13 8 25 
12 3 7 10 6 
0 3

1 7 13 14 20 22 26 29 
26 14 1 20 29 
5 4 2 10 1 
0 3

3 5 13 19 23 29 30 31 
29 3 5 13 19 
13 8 2 1 15 
0 3

5 8 11 13 17 23 28 31 
31 17 28 23 11 
12 13 2 8 15 
0 3

1 9 14 15 20 27 30 31 
15 31 20 14 27 
2 9 11 12 3 
0 3

2 7 8 11 15 18 24 27 
8 27 7 15 11 
6 1 15 4 11 
0 4

2 3 7 8 11 20 26 30 
7 26 30 3 2 
12 1 7 5 2 
0 4

1 8 9 13 17 20 21 24 
9 8 1 21 17 
7 1 2 5 8 
0 4

5 7 9 10 14 15 19 24 
9 10 24 5 7 
9 14 6 13 7 
0 4

7 9 19 21 26 27 29 31 
26 9 27 29 31 
4 6 8 15 9 
0 4

4 5 6 8 11 13 23 25 
11 23 25 4 13 
10 11 6 12 1 
0 4

4 5 10 12 14 21 26 30 
4 14 21 26 5 
3 4 7 6 12 
0 4

2 4 5 13 14 17 18 30 
30 18 2 4 5 
2 9 5 10 14 
0 4

1 6 16 18 19 20 23 30 
20 18 16 6 30 
15 14 8 10 9 
0 4

7 9 14 15 16 18 21 24 
9 15 7 14 21 
9 4 11 5 1 
0 4

13 14 16 21 27 28 29 30 
27 28 30 29 13 
8 1 2 13 10 
0 4

5 9 21 22 23 25 28 30 
23 5 30 9 21 
9 14 12 3 1 
0 4

2 9 10 11 12 18 22 31 
11 31 2 18 9 
9 4 6 12 3 
0 4

1 3 7 9 10 15 29 31 
31 3 7 15 1 
7 9 13 4 8 
0 4

1 3 9 21 24 25 26 28 
9 3 26 24 25 
7 1 2 11 6 
0 4

8 13 16 17 18 24 27 31 
31 8 18 13 27 
6 4 5 9 15 
0 4

10 13 17 23 24 25 28 31 
24 28 25 17 10 
3 9 2 12 15 
0 4

13 14 17 19 23 25 28 29 
28 19 23 14 29 
13 2 5 6 4 
0 4

3 4 11 12 14 24 26 28 
3 11 4 26 14 
10 2 4 15 14 
0 4

4 10 12 13 15 16 22 25 
25 4 10 13 15 
11 13 14 8 10 
0 4

2 10 11 12 15 22 25 30 
15 2 25 11 12 
10 3 1 4 15 
0 4

2 3 10 13 16 17 21 30 
17 2 13 10 16 
8 5 11 7 3 
0 4

2 5 10 13 18 22 23 25 
10 18 5 22 23 
4 7 6 2 12 
0 4

7 16 18 20 23 28 30 31 
23 30 20 31 18 
13 1 9 8 3 
0 4

2 5 11 14 16 20 23 26 
26 23 16 2 11 
8 13 12 10 15 
0 4

5 7 13 14 21 23 25 27 
21 25 23 27 5 
10 8 6 14 13 
0 4

1 8 9 18 19 21 27 29 
29 18 8 21 9 
11 6 13 3 1 
0 4

7 8 9 15 16 19 22 25 
19 7 8 15 22 
4 12 6 7 15 
0 4

1 6 7 21 22 25 26 30 
25 1 22 21 30 
15 14 1 2 7 
0 4

1 4 6 11 13 14 30 31 
11 6 31 13 1 
7 9 11 2 3 
0 4

4 11 13 14 16 22 26 31 
22 14 13 16 4 
12 4 7 3 11 
0 5

2 5 9 11 19 21 22 26 
11 5 19 21 9 
9 7 10 13 8 
0 5

9 12 13 15 16 21 23 31 
12 15 16 13 21 
6 11 4 14 7 
0 5

2 4 8 10 14 15 19 28 
19 28 2 10 4 
12 6 3 10 2 
0 5

4 7 14 15 19 22 23 24 
15 22 7 24 14 
13 2 9 3 15 
0 5

3 5 7 8 14 15 24 27 
3 8 5 15 24 
8 15 5 6 1 
0 5

1 2 5 10 13 16 18 29 
29 5 18 10 16 
14 1 15 5 12 
0 5

2 9 15 17 19 20 26 28 
9 15 2 17 20 
11 12 15 6 8 
0 5

7 9 11 12 15 18 19 27 
11 19 9 18 12 
11 15 8 5 10 
0 5

1 7 8 13 14 15 27 30 
27 15 7 13 30 
15 5 8 2 7 
0 5

5 8 9 10 17 19 21 26 
10 9 19 26 8 
9 13 5 10 14 
0 5

2 7 9 10 14 18 20 22 
14 2 9 10 22 
10 7 9 11 12 
0 5

8 23 24 25 26 29 30 31 
24 29 8 30 26 
3 5 11 4 2 
0 5

4 6 8 10 15 18 21 25 
18 15 8 4 6 
7 5 9 11 14 
0 5

2 5 8 11 20 28 29 30 
11 5 30 8 28 
10 4 2 15 9 
0 5

4 5 9 14 21 24 28 30 
24 21 28 5 30 
6 10 7 14 8 
0 5

1 5 6 7 10 15 16 26 
16 5 15 7 1 
8 4 11 2 10 
0 5

2 6 10 16 18 26 27 28 
28 10 26 2 16 
3 1 8 14 2 
0 5

11 12 13 15 19 23 25 31 
19 31 13 11 25 
4 1 3 8 7 
0 5

2 3 5 8 18 22 25 31 
22 18 3 8 5 
12 14 5 15 9 
0 5

5 9 14 18 20 24 25 28 
5 24 9 28 18 
4 15 2 11 7 
0 5

4 6 7 8 11 15 17 30 
15 4 30 6 11 
6 15 3 1 8 
0 5

3 7 8 21 22 24 26 30 
30 24 22 7 26 
2 14 5 6 15 
0 5

5 11 14 20 22 23 24 30 
20 24 22 14 5 
15 4 10 1 8 
0 5

3 9 14 18 21 24 26 30 
26 18 14 24 30 
9 5 4 14 6 
0 5

1 12 13 14 17 20 26 27 
1 27 13 17 26 
15 10 5 1 2 
0 5

1 3 4 5 6 12 23 31 
12 6 23 1 4 
11 13 9 8 2 
0 5

1 6 14 17 21 24 27 30 
21 30 6 27 1 
13 14 7 4 5 
0 5

2 3 4 7 10 15 16 20 
20 2 16 10 4 
4 13 6 3 7 
0 5

5 8 12 15 16 25 26 28 
8 15 28 26 25 
4 7 12 9 3 
0 5

