
21 6 15 17 16 
799

30 8 6 21 26 
928

31 27 24 3 29 
850

20 14 15 12 10 
618

4 15 19 10 14 
485

7 24 4 30 1 
744

14 12 17 21 1 
509

25 3 7 20 22 
702

26 17 18 3 28 
1005

20 17 21 8 24 
748

20 7 21 15 25 
857

8 5 2 23 27 
794

14 24 6 23 16 
834

22 3 25 4 19 
598

30 14 5 17 10 
416

30 27 20 14 25 
949

29 7 28 23 25 
666

6 1 4 11 23 
210

12 13 27 24 9 
855

29 31 10 18 28 
683

28 11 20 22 15 
799

21 30 10 9 3 
387

12 15 3 1 7 
396

5 20 17 2 10 
554

13 26 10 30 4 
588

24 2 27 17 1 
823

5 31 12 15 18 
772

26 15 2 28 30 
550

2 15 13 19 12 
408

22 6 8 24 3 
398

24 27 22 21 29 
970

27 31 7 22 26 
1204

6 23 20 10 18 
647

31 22 16 20 19 
1050

31 28 16 26 12 
1132

21 29 17 12 24 
1091

5 26 30 31 20 
1164

23 27 26 1 12 
614

10 17 27 14 24 
848

24 11 18 25 19 
724

15 3 24 21 28 
1028

7 16 27 15 31 
697

22 29 17 28 27 
984

27 11 19 29 16 
718

26 14 31 21 10 
1027

28 24 27 20 29 
535

29 24 9 26 19 
894

20 24 1 19 23 
776

3 31 24 5 23 
971

23 21 4 11 19 
627

27 24 6 11 19 
734

23 11 14 26 29 
921

31 29 19 15 10 
845

18 2 24 30 16 
778

19 27 25 21 10 
858

28 26 16 30 21 
942

20 28 14 31 15 
792

23 24 1 6 31 
1065

7 23 16 11 29 
543

31 27 10 28 6 
779

25 26 28 22 18 
1064

25 17 21 15 30 
1008

28 25 24 16 12 
957

24 30 20 21 25 
988

28 16 22 25 30 
1292

27 6 15 26 24 
499

20 16 29 22 8 
1069

29 1 15 24 23 
731

29 23 30 18 22 
818

8 22 10 18 23 
854

12 17 30 15 26 
674

19 24 30 23 11 
875

31 12 25 24 14 
914

30 16 29 3 13 
730

7 8 19 28 24 
841

24 25 21 23 31 
1073

14 24 11 27 20 
904

30 13 26 28 31 
768

11 10 16 30 23 
669

18 24 16 5 10 
503

21 28 23 19 13 
845

21 30 13 19 28 
679

26 18 16 23 21 
704

29 26 11 9 16 
671

26 20 27 21 28 
835

16 17 25 20 21 
864

30 24 18 14 28 
758

18 19 25 17 27 
946

31 29 18 14 19 
739

31 22 24 7 15 
796

31 30 29 3 8
1361

20 22 18 21 15 
787

11 30 14 21 13 
877

26 14 30 31 20 
1096

20 30 13 27 22 
1297

23 15 27 30 18 
1031

17 8 27 30 10 
885

25 7 4 12 11 
690

30 15 10 18 22 
882

31 18 27 5 23 
902

30 16 8 24 22 
848

14 16 20 30 19 
891

14 19 23 26 20 
906

29 13 31 8 12 
736

13 12 24 28 29 
786

17 21 20 16 11 
742

22 19 15 29 25 
701

28 14 16 25 17 
986

31 9 29 27 24 
845

29 22 26 17 24 
614

11 18 30 3 22 
667

17 26 20 28 31 
973

30 1 9 31 15 
723

25 30 23 21 19 
798

24 21 26 23 28 
964

24 22 14 12 28 
912

22 16 25 24 27 
1024

8 15 25 6 18 
664

20 23 29 6 25 
1132

12 27 28 8 21 
809

29 17 9 28 21 
1328

26 23 28 17 24 
829

10 4 25 26 29 
659

5 16 25 12 17 
730

5 10 24 3 9 
411

5 8 28 7 1 
585

11 29 31 10 15 
888

1 2 6 10 28 
377

13 11 2 19 14 
541

27 30 21 12 3 
816

23 8 10 1 2 
370

14 21 13 20 17 
911

20 30 15 9 14 
768

27 22 13 5 15 
890

15 4 14 27 10 
811

16 17 27 11 21 
858

6 4 17 20 19 
452

14 10 17 3 5 
491

19 1 27 14 26 
921

16 1 11 28 18 
710

16 25 20 8 26 
587

6 3 15 2 23 
239

12 7 30 28 22 
892

31 29 11 15 27 
1147

6 10 29 27 19 
876

23 18 4 26 6 
621

24 16 3 13 8 
435

16 17 1 10 26 
822

1 24 9 22 4 
728

10 28 22 27 5 
760

13 19 20 30 12 
539

7 28 17 30 8 
784

28 2 14 30 31 
1143

25 28 19 8 27 
1184

15 24 2 6 26 
861

23 18 26 1 27 
994

29 14 24 27 22 
726

7 27 14 26 6 
695

28 27 25 20 24 
823

24 10 14 30 5 
686

30 3 25 6 13 
611

26 22 10 24 31 
1032

28 23 4 27 20 
817

31 6 17 24 21 
999

31 4 26 28 22 
735

27 26 23 12 28 
1095

13 24 31 23 19 
1045

24 7 2 13 15 
442

27 30 9 8 29 
681

27 10 1 13 30 
728

23 25 24 31 19 
1293

4 21 26 22 23 
1017

25 19 30 18 7 
1270

30 22 24 29 19 
1254

28 3 18 14 23 
918

9 15 26 20 11 
759

22 28 15 20 18 
1078

6 13 7 29 22 
749

30 15 28 18 16 
846

30 4 29 20 19 
1165

27 19 30 26 18 
1152

20 23 14 22 18 
960

18 28 20 17 30 
728

25 15 18 30 31 
1096

23 18 19 30 28 
635

24 27 22 21 23 
750

31 8 25 17 26 
969

10 28 22 17 21 
1111

4 22 31 29 28 
1187

11 8 12 24 30 
896

16 12 31 26 5 
830

8 29 21 13 24 
798

26 23 28 19 31 
859

21 23 20 8 24 
1022

15 13 29 26 18 
1022

26 29 19 28 30 
1536

20 8 12 6 23 
799

28 22 20 29 25 
1385

23 5 9 12 31 
851

20 25 24 13 18 
921

26 25 27 14 12 
811

27 28 26 17 25 
1265

22 26 24 29 15 
1046

23 20 27 14 25 
872

15 25 24 30 28 
713

8 30 18 23 17 
1084

16 30 19 12 18 
1131

18 27 19 30 28 
1074

10 22 31 12 28 
868

15 8 26 23 21 
869

31 30 9 10 2
1124

9 7 14 17 21 
693

14 1 26 23 29 
1026

24 22 18 29 2 
770

12 22 19 25 20 
1001

17 19 18 28 22 
935

21 18 24 26 30 
776

19 10 24 9 8 
747

29 27 16 12 4 
902

17 30 15 31 4 
1050

31 11 30 10 25 
1131

20 21 5 12 10 
573

7 11 16 29 8 
589

12 31 30 25 26 
1109

26 19 31 17 18 
1176

19 24 16 18 13 
940

5 8 22 30 16 
925

15 24 25 14 29 
1016

30 11 14 27 24 
1131

29 25 28 26 21 
1548

17 10 26 20 4 
729

15 28 29 17 8 
646

28 26 10 19 11 
881

12 14 26 27 16 
990

13 20 17 29 22 
1296

23 24 19 15 29 
1186

25 9 22 16 20 
781

28 31 17 22 27 
841

30 20 16 10 22 
1046

18 13 27 25 3 
1057

9 2 17 1 5 
373

22 23 31 29 14 
1099

3 1 31 4 18 
702

7 20 18 11 28 
749

9 23 28 8 6 
820

9 4 16 2 10 
396

1 26 15 24 30 
741

4 20 26 30 6 
556

30 11 15 23 31 
950

23 31 1 8 12 
902

7 10 12 18 22 
355

7 13 19 23 30 
948

23 26 18 10 9 
610

30 17 24 22 8 
694

10 15 31 9 17 
821

26 16 27 2 5 
660

14 6 17 25 31 
532

19 27 13 31 17 
1080

28 14 3 20 19 
603

5 27 13 10 29 
741

29 28 21 18 27 
1089

19 27 10 14 21 
821

21 23 7 15 10 
483

9 30 18 13 22 
785

28 9 18 1 10 
550

25 16 26 4 12 
680

10 20 26 24 7 
883

20 6 23 5 24 
891

3 19 16 25 4 
901

14 19 5 2 13 
525

29 17 2 25 12 
1025

9 20 12 28 8 
726

20 26 29 15 30 
751

23 18 19 14 15 
921

16 28 12 17 8 
805

29 13 6 9 26 
808

8 5 10 31 26 
726

15 18 30 21 6 
633

19 12 14 3 15 
683

14 21 11 10 15 
581

24 29 27 15 31 
1110

23 28 21 3 29 
856

30 27 2 22 10 
677

22 25 28 8 31 
1222

25 31 9 16 2 
849

20 14 26 11 1 
775

30 29 6 26 21 
1277

2 6 4 27 1 
347

8 4 22 18 11 
519

29 22 18 8 6 
763

24 25 2 16 18 
918

7 18 15 22 30 
1015

17 27 3 8 28 
954

20 28 29 25 3 
491

21 1 30 23 25 
1227

1 31 28 10 21 
908

18 3 15 23 31 
814

2 4 21 13 9 
538

24 25 19 12 2 
740

29 24 22 17 23 
641

10 18 14 27 17 
939

13 2 29 27 21 
692

8 11 21 30 24 
896

20 12 17 15 24 
1027

29 15 30 21 31 
1254

10 29 13 9 18 
877

28 20 29 24 14 
1032

30 14 11 20 5 
1022

13 7 9 15 21 
624

20 16 11 21 17 
480

27 15 26 21 18 
885

27 11 8 12 23 
573

31 22 25 24 29 
1206

11 30 7 23 19 
516

13 4 3 26 30 
962

17 29 22 4 20 
680

15 30 31 20 9 
1127

24 31 19 21 23 
1149

16 4 15 8 31 
751

2 23 11 31 13 
787

15 28 16 22 29 
907

18 23 24 27 25 
896

27 31 17 13 28 
1029

21 17 12 22 30 
859

15 12 9 27 22 
846

21 24 31 30 12 
795

8 15 16 19 7 
528

28 8 17 31 21 
834

23 17 21 30 19 
1078

30 15 22 5 16 
1150

9 28 12 11 6 
560

18 13 21 27 31 
1269

18 24 17 13 28 
905

16 10 25 8 29 
1001

21 27 29 18 28 
1111

25 12 20 27 21 
1009

10 9 20 24 14 
653

18 29 25 6 17 
1098

24 27 26 25 12 
1202

12 10 5 26 13 
445

27 23 19 8 13 
752

17 8 23 11 7 
622

12 20 29 28 14 
706

10 20 24 9 28 
1093

25 12 20 24 29 
1104

24 27 31 29 15 
1109

29 20 28 19 27 
1062

12 23 26 9 28 
1062

23 16 4 12 18 
656

28 16 21 15 24 
542

9 27 29 4 16 
970

28 31 15 9 11 
1175

19 18 31 10 24 
683

14 25 23 16 18 
835

26 15 28 31 24 
1097

23 24 27 31 20 
780

13 8 23 19 28 
901

23 26 8 22 29 
991

22 20 10 28 17 
918

30 11 20 16 19 
936

1 30 7 20 21 
958

7 23 4 31 24 
958

28 26 30 10 31 
1343

14 18 10 29 20 
986

13 15 30 12 24 
938

5 30 17 25 24 
736

16 12 28 26 20 
520

4 13 8 24 30 
716

11 21 28 27 31 
844

29 23 11 24 12 
875

31 10 9 28 7 
755

30 22 6 23 8 
708

18 11 24 10 31 
977

9 21 22 16 17 
1060

21 23 31 17 24 
963

14 27 31 24 11 
1228

27 2 29 23 14 
899

15 28 24 16 2 
504

29 17 31 16 30 
1368

8 4 24 11 18 
643

26 4 22 23 24 
614

17 21 20 19 22 
569

27 26 29 20 22 
1003

27 4 8 28 9 
761

7 24 23 26 9 
887

15 12 27 20 16 
910

27 29 20 4 1 
841

3 30 27 26 15 
1146

21 26 22 2 15 
828

9 29 21 22 25 
700

30 16 1 23 13 
883

6 23 29 11 21 
1066

18 23 26 2 16 
758

1 28 19 2 26 
933

28 15 19 16 29 
768

17 14 20 28 30 
1121

21 19 17 13 28 
900

31 5 22 2 1 
706

9 6 27 12 25 
739

24 15 20 28 21 
1246

30 2 21 12 3 
724

31 5 1 29 10 
882

3 5 17 25 23 
790

26 28 8 21 6 
541

4 26 10 17 30 
619

13 23 25 4 22 
763

15 20 25 31 11 
747

28 24 14 27 25 
1177

7 26 20 27 24 
985

26 17 21 19 20 
1093

1 21 8 15 25 
550

12 19 14 18 26 
899

9 31 5 20 30 
703

1 15 13 21 19 
539

18 27 6 30 31 
1341

25 22 31 24 16 
1285

19 25 31 29 22 
1262

22 14 26 7 8 
943

17 12 22 28 23 
1190

15 30 13 27 24 
1175

23 12 28 14 21 
719

21 27 10 29 31 
1004

26 21 15 13 4 
284

23 28 19 31 15 
1313

10 15 28 26 30 
1117

26 19 22 14 11 
913

21 31 22 27 26 
1484

13 7 31 29 5 
984

19 27 31 25 21 
1254

23 31 24 14 15 
1238

26 18 27 20 28 
1293

6 31 13 7 10 
855

17 10 18 14 31 
1002

10 31 24 9 25 
1104

29 4 27 23 7 
894

30 27 28 21 23 
1110

30 19 20 6 18 
1031

26 23 11 9 29 
1013

18 24 31 30 17 
1224

31 24 5 4 28 
1131

22 20 25 29 27 
1048

21 29 26 15 22 
768

23 18 22 11 14 
676

23 6 8 7 22 
640

6 30 23 20 27 
922

25 11 16 18 13 
703

22 26 20 29 13 
557

30 29 13 19 31 
1132

23 28 8 13 31 
1225

9 27 30 31 20 
1023

15 8 27 11 24 
811

30 3 26 20 7 
659

21 9 8 17 24 
449

10 24 7 19 9 
778

21 26 29 31 27 
1180

13 25 11 23 8 
755

14 5 26 21 30 
730

4 17 5 18 30 
786

30 23 18 20 16 
1260

21 14 24 15 9 
593

28 21 27 30 29 
979

21 30 28 23 9 
1023

22 9 18 31 11 
747

7 29 31 3 15 
845

25 9 24 28 26 
696

24 18 13 27 31 
989

25 24 17 28 31 
1126

29 23 25 28 19 
792

14 4 11 28 26 
976

15 22 25 10 13 
1011

25 12 11 15 30 
807

16 13 30 17 10 
672

18 23 22 10 25 
685

31 20 30 28 23 
986

11 20 23 16 26 
1174

23 21 14 25 27 
1183

27 21 29 18 8 
862

8 22 15 19 25 
894

30 26 21 22 25 
1054

13 31 30 6 11 
745

16 13 14 4 22 
596

9 11 21 19 5 
655

13 16 12 21 15 
701

28 10 4 19 2 
602

22 7 15 14 24 
837

15 24 8 5 3 
553

16 10 29 5 18 
910

15 17 20 2 9 
753

19 18 12 9 11 
730

30 13 27 7 15 
850

9 19 8 10 26 
832

10 9 2 22 14 
591

26 24 30 29 8 
660

8 4 6 15 18 
547

28 8 5 30 11 
871

5 28 21 30 24 
1069

5 7 16 1 15 
396

16 2 28 26 10 
658

13 11 19 25 31 
537

8 22 5 18 3 
726

9 28 5 18 24 
832

11 30 6 4 15 
658

7 26 24 22 30 
1080

24 14 20 5 22 
797

24 14 18 30 26 
934

27 26 17 1 13 
777

6 23 12 4 1 
507

30 27 21 1 6 
949

4 20 10 2 16 
454

15 25 26 28 8 
823
